SAUDISAT 1A             
1 26545U 00057A   10088.18170258  .00000089  00000-0  30424-4 0  4936
2 26545  64.5591 319.3438 0049108 234.8815 124.7715 14.80668931513392
UNISAT                  
1 26547U 00057C   10088.54075575  .00000271  00000-0  51371-4 0  5336
2 26547  64.5551 300.7804 0055740 235.8941 123.6862 14.82500935513810
SAUDISAT 1B             
1 26549U 00057E   10088.90543860 -.00000110  00000-0  52438-5 0  5828
2 26549  64.5608 335.3365 0054077 235.7718 123.8235 14.79522004513132
MOZHAYETS               
1 27560U 02054B   10088.65321519  .00000153  00000-0  44940-4 0  1907
2 27560  97.9216 281.8742 0043846  42.7435 317.7168 14.55084774388263
SAUDISAT 1C             
1 27607U 02058C   10088.90318097  .00000176  00000-0  49595-4 0  1375
2 27607  64.5570 237.3276 0036092 114.4334 246.0540 14.71518325390719
UNISAT 2                
1 27608U 02058D   10088.85861181  .00000111  00000-0  37036-4 0  1474
2 27608  64.5566 198.8409 0017834  97.9810 262.3343 14.74483629391513
SAUDISAT 2              
1 28371U 04025F   10089.07365572  .00000101  00000-0  34884-4 0  4858
2 28371  97.9817 126.3876 0025176 239.6561 120.2165 14.52960560304888
UNISAT 3                
1 28373U 04025H   10088.89072352 -.00000010  00000-0  95602-5 0  6207
2 28373  98.0339  94.9651 0070328 313.8195  45.7173 14.43374735303353
SSETI EXPRESS (XO-53)   
1 28894U 05043E   10088.29728343  .00000051  00000-0  20037-4 0  7268
2 28894  98.0215 334.8766 0017444 174.1448 185.9952 14.59716105235440
SAUDISAT 3              
1 31118U 07012B   10088.81497925 -.00000044  00000-0  60271-6 0  1337
2 31118  97.9750 160.8273 0016436  50.7890 309.4750 14.68040412158089
