LES 9                   
1 08747U 76023B   10088.46322198 -.00000060  00000-0  10000-3 0  4004
2 08747  11.1973 140.4458 0022658 335.1528 130.8387  1.00274132 70283
MARISAT 2               
1 09478U 76101A   10087.34337496 -.00000092  00000-0  10000-3 0  2414
2 09478  13.2731 354.0960 0098641 207.8633 151.5814  0.97590282 65661
GOES 3                  
1 10953U 78062A   10088.52098287 -.00000100  00000-0  10000-3 0  8826
2 10953  14.4493 357.7307 0004865  16.9208 250.5174  1.00271827 69520
ESIAFI 1 (COMSTAR 4)    
1 12309U 81018A   10086.31219943 -.00000080  00000-0  10000-3 0  3133
2 12309  14.1507   7.8279 0006621 305.0715  54.8529  1.00281124108038
SATCOM C5               
1 13631U 82105A   10085.86094474 -.00000112  00000-0  10000-3 0  7375
2 13631  12.9856  28.8621 0007999 284.1466  75.7613  1.00272003 66959
TDRS 1                  
1 13969U 83026B   10089.23736600 -.00000316  00000-0  10000-3 0   651
2 13969  13.5458   6.9839 0029572 252.6836 316.9062  1.00267633 71865
GSTAR 1                 
1 15677U 85035A   10086.90975684 -.00000107  00000-0  10000-3 0  2491
2 15677  11.2913  47.5830 0009018 281.0807  78.8360  1.00272079 65827
INTELSAT 511            
1 15873U 85055A   10087.81899593 -.00000205  00000-0  10000-3 0  4857
2 15873  12.5397  36.2509 0017691 297.2970  62.5059  1.00083606 65235
GOES 7                  
1 17561U 87022A   10087.62684818  .00000061  00000-0  10000-3 0  3982
2 17561  12.6090  34.3950 0003017 122.8155  80.3546  1.00283063 67764
GSTAR 3                 
1 19483U 88081A   10088.32293646 -.00000120  00000-0  10000-3 0  3400
2 19483  14.6661  18.2996 0008586 349.4178 189.8669  1.00272484 75219
TDRS 3                  
1 19548U 88091B   10088.30809522 -.00000301  00000-0  10000-3 0  4634
2 19548  12.3727  36.9775 0036352 321.1920 250.1256  1.00262912 66001
ASTRA 1A                
1 19688U 88109B   10087.16665039 -.00000203  00000-0  10000-3 0  6672
2 19688   8.3007  60.9371 0019205 315.0178  44.9052  0.98338811 57849
TDRS 4                  
1 19883U 89021B   10087.88723272 -.00000292  00000-0  10000-3 0  7776
2 19883  11.1201  48.5462 0007934 332.3850  78.6120  1.00278812249573
INTELSAT 602 (IS-602)   
1 20315U 89087A   10088.28193903  .00000022  00000-0  10000-3 0   253
2 20315   7.5883  62.5629 0001729 322.8371  80.4887  1.00272028 72588
LEASAT 5                
1 20410U 90002B   10088.80758856 -.00000276  00000-0  10000-3 0  2760
2 20410   8.8101  33.6545 0002612 354.7471 183.4095  1.00235345 59305
INTELSAT 603 (IS-603)   
1 20523U 90021A   10087.54502669 -.00000080  00000-0  00000+0 0  5845
2 20523   7.0697  64.1281 0002363 312.2956 354.8806  1.00391251 66320
ASIASAT 1               
1 20558U 90030A   10087.02702998  .00000065  00000-0  10000-3 0  8090
2 20558   9.7156  56.8532 0003888 251.5950 108.4168  0.99242349 72899
INSAT-1D                
1 20643U 90051A   10083.42328228 -.00000134  00000-0  10000-3 0  6140
2 20643  10.4272  52.9433 0015974  26.8648 333.2627  1.00260572 59305
COSMOS 2085             
1 20693U 90061A   10086.38290447 -.00000067  00000-0  10000-3 0   335
2 20693  12.6356  32.9937 0004627 307.0960  52.8584  1.00276328 72080
SKYNET 4C               
1 20776U 90079A   10088.04249000  .00000020  00000-0  10000-3 0   518
2 20776  10.4280  44.5142 0003788 324.8249 198.6029  1.00270389 71549
EUTELSAT 2-F1           
1 20777U 90079B   10088.94733426  .00000037  00000-0  10000-3 0    44
2 20777   9.9085  55.9208 0002935 264.6143  95.3710  0.99343568 51929
GALAXY 6                
1 20873U 90091B   10088.29833356 -.00000357  00000-0  10000-3 0  3809
2 20873   6.8628  64.9976 0000717 303.5670  56.5411  0.99765978 65690
INMARSAT 2-F1           
1 20918U 90093A   10088.44583906  .00000095  00000-0  10000-3 0  8747
2 20918   7.2439  52.7415 0003248 309.2344 203.2515  1.00268909 67537
GSTAR 4                 
1 20946U 90100B   10086.43470352  .00000002  00000-0  10000-3 0  3927
2 20946   7.0556  64.8866 0004111 212.4672 147.6345  0.99139564 65541
COSMOS 2133             
1 21111U 91010A   10088.37764843 -.00000118  00000-0  10000-3 0  2400
2 21111  11.8125  38.9957 0007196 348.0745  11.9064  1.00260028 70042
INMARSAT 2-F2           
1 21149U 91018A   10088.16324453 -.00000151  00000-0  10000-3 0  9690
2 21149   6.5549  53.3648 0004166 316.1655 137.6564  1.00271173 69820
TDRS 5                  
1 21639U 91054B   10087.59784971  .00000094  00000-0  10000-3 0  6158
2 21639  10.4954  52.2108 0020645 322.2889 218.9029  1.00273416 68318
ANIK E1                 
1 21726U 91067A   10087.86051253 -.00000158  00000-0  10000-3 0  2551
2 21726   6.4608  66.9067 0005915 225.2186 134.8721  0.99168822 58525
INTELSAT 601 (IS-601)   
1 21765U 91075A   10088.74337728  .00000111  00000-0  10000-3 0  9246
2 21765   5.1820  68.7293 0001016 341.0713  92.3102  1.00271626 67286
EUTELSAT 2-F3           
1 21803U 91083A   10083.26319127 -.00000316  00000-0  10000-3 0  8341
2 21803   9.0797  58.9976 0003461 283.4138  76.6148  0.99300248 62796
GALAXY 5                
1 21906U 92013A   10088.63725215 -.00000084  00000-0  10000-3 0   180
2 21906   4.9368  69.9072 0016894 289.5659  70.4498  0.99290536 57596
INMARSAT 2-F4           
1 21940U 92021B   10088.61748737 -.00000364  00000-0  10000-3 0  6849
2 21940   5.1443  49.4588 0002720 311.4185 157.2611  1.00267557 65712
EUTELSAT 2-F4           
1 22028U 92041B   10083.58002254 -.00000005  00000-0  10000-3 0  2698
2 22028   8.2917  62.1145 0002977 126.1724 233.9375  0.99078458 57497
SATCOM C3               
1 22117U 92060B   10088.46972000 -.00000248  00000-0  10000-3 0  3099
2 22117   5.0776  68.8910 0002103 306.0613 261.8497  1.00269623 64238
HELLAS SAT 1 (DFS 3)    
1 22175U 92066A   10087.60769016  .00000016  00000-0  10000-3 0  4773
2 22175   7.5895  62.9087 0006578 291.5389  68.4880  0.99733454 61519
GORIZONT 27             
1 22245U 92082A   10088.47105551  .00000117  00000-0  10000-3 0  5259
2 22245  11.8390  41.8327 0014310 241.1123 118.7354  1.00153676 67806
COSMOS 2224             
1 22269U 92088A   10086.62910979 -.00000075  00000-0  10000-3 0  6169
2 22269  10.9988  44.6177 0000724  24.6189 335.3992  1.00280666 62753
TDRS 6                  
1 22314U 93003B   10088.52817251  .00000081  00000-0  10000-3 0  6434
2 22314   9.8611  55.1937 0013197 329.5215 181.1154  1.00263996 63047
ASTRA 1C                
1 22653U 93031A   10088.09752100 -.00000004  00000-0  10000-3 0  5226
2 22653   3.2872  73.9997 0004312 282.4804 226.9845  1.00271696 56913
INSAT-2B                
1 22724U 93048B   10087.17948924 -.00000096  00000-0  10000-3 0  5559
2 22724   8.5909  60.0029 0012728  45.3191 314.8614  0.99984726 61356
ACTS                    
1 22796U 93058B   10086.92755005 -.00000107  00000-0  10000-3 0  7585
2 22796  10.0719  54.3874 0008791 346.1081  13.9117  1.00272141 67491
INTELSAT 701 (IS-701)   
1 22871U 93066A   10087.16746170  .00000035  00000-0  10000-3 0  4933
2 22871   0.0050 285.3425 0002728  91.2986  49.1009  1.00273345 60059
GORIZONT 29             
1 22907U 93072A   10087.61294026 -.00000056  00000-0  10000-3 0  7452
2 22907  11.3621  45.1895 0013183 222.4726 137.4211  1.00161087 59871
SOLIDARIDAD 1           
1 22911U 93073A   10086.95122089 -.00000087  00000-0  10000-3 0  2889
2 22911   8.5686  59.9698 0000359 254.4370 105.6392  1.00266035 58505
METEOSAT-6 (MOP-3)      
1 22912U 93073B   10088.73878802 -.00000033  00000-0  00000+0 0  5305
2 22912   9.0299  56.4862 0001305 259.7122 204.4485  1.00269784 58338
NATO 4B                 
1 22921U 93076A   10088.80949708  .00000135  00000-0  10000-3 0  3002
2 22921   8.3976  49.9545 0003564 299.2475 164.0118  1.00274146 59755
THAICOM 1               
1 22931U 93078B   10088.43511825  .00000045  00000-0  10000-3 0  5731
2 22931   1.0276  76.0413 0002210 351.6509 131.5416  0.99181758 59171
GOES 8                  
1 23051U 94022A   10087.64390297 -.00000132  00000-0  10000-3 0  1896
2 23051   6.4532  69.6811 0006794 200.5373 159.5880  0.98907032 65533
INTELSAT 702 (IS-702)   
1 23124U 94034A   10086.85288171 -.00000021  00000-0  00000-0 0  3513
2 23124   0.0171 269.1018 0002616  77.7664 211.3486  1.00273458 71960
INTELSAT 2 (IS-2)       
1 23175U 94040A   10086.28185188 -.00000047  00000-0  10000-3 0  6196
2 23175   1.1578  79.3842 0002477 281.6685  94.1197  1.00273129 56873
BS-3N                   
1 23176U 94040B   10086.89531155 -.00000368  00000-0  10000-3 0  1206
2 23176   0.0517 297.6677 0004563  43.8181 275.8800  1.00267994 57371
APSTAR 1                
1 23185U 94043A   10088.50184635 -.00000280  00000-0  10000-3 0  4178
2 23185   5.0850  68.7093 0001560 277.0365 163.6778  1.00271536 57447
DIRECTV 2 (DBS 2)       
1 23192U 94047A   10088.21158384 -.00000225  00000-0  10000-3 0  5765
2 23192   3.1039  74.1234 0014144 204.0430 156.2943  0.98637472 67248
BRASILSAT B1            
1 23199U 94049A   10087.21239985 -.00000285  00000-0  00000-0 0  4222
2 23199   2.8432  74.7657 0002526 310.9411 168.1132  1.00266123 68125
OPTUS B3                
1 23227U 94055A   10087.34690799 -.00000091  00000-0  10000-3 0  5140
2 23227   2.1490  76.0567 0005232 291.8062 106.6661  1.00271727 57055
NSS-703                 
1 23305U 94064A   10088.62403817  .00000055  00000-0  00000+0 0  1311
2 23305   0.5938  79.8915 0004706 282.8349 105.6530  1.00274863 56790
SOLIDARIDAD 2           
1 23313U 94065A   10087.58475111 -.00000042  00000-0  10000-3 0  5339
2 23313   1.9392  76.6026 0002261 283.9662 280.9106  1.00272117 56640
THAICOM 2               
1 23314U 94065B   10088.57693889 -.00000138  00000-0  10000-3 0  4520
2 23314   0.1381  54.4534 0004272 243.0929 175.5072  1.00271583 56631
EXPRESS 1               
1 23319U 94067A   10083.34342863 -.00000321  00000-0  10000-3 0  8078
2 23319   8.7617  59.4025 0001877  38.7909 321.2930  0.99824899 56417
ASTRA 1D                
1 23331U 94070A   10085.00000000  .00000139  00000-0  00000+0 0  9505
2 23331   2.3420  75.3320 0003061 297.1600 202.1450  1.00278128 56868
RADUGA 32               
1 23448U 94087A   10088.40414838 -.00000122  00000-0  10000-3 0  2485
2 23448  10.8490  49.1415 0003487 140.8610 219.1734  1.00261470 73548
INTELSAT 705 (IS-705)   
1 23528U 95013A   10089.08138872 -.00000274  00000-0  10000-3 0  9979
2 23528   0.3723  79.9958 0003410 285.6064 169.6295  1.00354898 54941
BRASILSAT B2            
1 23536U 95016A   10088.51485519 -.00000184  00000-0  10000-3 0  1906
2 23536   2.0225  77.6116 0003066 297.1970 265.3114  1.00270777 55003
AMSC 1                  
1 23553U 95019A   10087.46606545 -.00000128  00000-0  00000+0 0  2381
2 23553   5.2037  68.8333 0004828 332.6304 210.7731  1.00271677 54800
INTELSAT 706 (IS-706)   
1 23571U 95023A   10088.60162516  .00000069  00000-0  00000+0 0   716
2 23571   0.0143 113.3744 0003089 259.7827  85.1368  1.00272478 54439
TDRS 7                  
1 23613U 95035B   10088.67653061 -.00000195  00000-0  00000+0 0  6989
2 23613  11.6323  45.0407 0034522 319.0894 150.9331  1.00265472 53853
COSMOS 2319             
1 23653U 95045A   10086.89687479 -.00000173  00000-0  10000-3 0  1072
2 23653  10.4810  51.2908 0003004  50.0642 309.9960  1.00385909 53373
TELSTAR 4 (TELSTAR 402R)
1 23670U 95049A   10086.00370393 -.00000016  00000-0  10000-3 0   325
2 23670   6.0291  66.4715 0004692 252.7125 107.4016  1.00286542 53120
LUCH 1                  
1 23680U 95054A   10088.44506546 -.00000079  00000-0  10000-3 0  8656
2 23680   9.6420  59.6466 0008651 318.7121  41.2616  1.00269962 53004
ASTRA 1E                
1 23686U 95055A   10085.00000000  .00000121  00000-0  00000+0 0   391
2 23686   0.0740 150.7810 0001067 214.6140 201.3420  1.00273523 52936
AMOS 5I                 
1 23723U 95064A   10089.09412829  .00000093  00000-0  10000-3 0  1936
2 23723   0.0146 100.2810 0002736 264.3735 233.6159  1.00274504 52504
ECHOSTAR 1              
1 23754U 95073A   10088.37451132 -.00000259  00000-0  10000-3 0  2521
2 23754   0.0131 131.7746 0002536 223.1862 249.3653  1.00272807 52047
INTELSAT 3R (IS-3R)     
1 23764U 96002A   10087.84560950 -.00000286  00000-0  10000-3 0  7687
2 23764   0.6295  80.1955 0002993 278.3322  88.9315  1.00270612 52048
AFRICASAT-1 (MEASAT-1)  
1 23765U 96002B   10083.83887122  .00000120  00000-0  10000-3 0  9774
2 23765   2.3004  75.6396 0000576 314.8502 139.7095  1.00275101 51985
ABS-1A (KOREASAT 2)     
1 23768U 96003A   10088.64915012 -.00000101  00000-0  10000-3 0  9749
2 23768   3.0626  73.8428 0000565 332.4174  89.2111  1.00272263 52010
PAKSAT 1 (ANATOLIA 1)   
1 23779U 96006A   10088.80946821  .00000137  00000-0  10000-3 0  3511
2 23779   0.0255 164.4988 0002887 186.5480 165.4640  1.00273377 51797
INTELSAT 707 (IS-707)   
1 23816U 96015A   10088.17842719 -.00000302  00000-0  10000-3 0  9717
2 23816   0.0071  90.8232 0002838 288.0358 178.8285  1.00272168 51438
INMARSAT 3-F1           
1 23839U 96020A   10088.73656185 -.00000005  00000-0  10000-3 0  1879
2 23839   0.0928  18.3352 0004421 333.9783 164.3331  1.00272144 51238
ASTRA 1F                
1 23842U 96021A   10088.60536586  .00000092  00000-0  00000+0 0   804
2 23842   0.0721 264.9454 0003352  83.9803 106.8652  1.00271065 51140
MSAT M1                 
1 23846U 96022A   10087.54987727 -.00000095  00000-0  10000-3 0  6858
2 23846   2.5554  74.8340 0005605 292.8225 269.6370  1.00271695 51042
PALAPA C2               
1 23864U 96030A   10088.48398891 -.00000214  00000-0  00000+0 0   198
2 23864   0.0814  77.0916 0002312 299.7199 134.6654  1.00270345 50783
INTELSAT 24 (IS-24)     
1 23865U 96030B   10083.72232786  .00000115  00000-0  10000-3 0  2478
2 23865   1.5885  79.1578 0003072 280.0504 130.2652  1.00276560 50732
GALAXY 9 (G-9)          
1 23877U 96033A   10088.46226574 -.00000241  00000-0  10000-3 0  2457
2 23877   1.5077  77.5234 0002321 283.8173 270.7775  1.00269997 50729
GORIZONT 32             
1 23880U 96034A   10088.02926501 -.00000129  00000-0  10000-3 0  4278
2 23880  10.0694  53.1215 0004021 309.6164 180.0047  1.00273800 50697
INTELSAT 709 (IS-709)   
1 23915U 96035A   10086.86377483  .00000063  00000-0  10000-3 0   998
2 23915   0.0069 181.7986 0004050 112.0955 261.6822  1.00094093 50502
APSTAR 1A               
1 23943U 96039A   10089.17051527 -.00000352  00000-0  10000-3 0  2789
2 23943   4.4055  70.2906 0001216 285.7395  22.7224  1.00266418 50332
TURKSAT 1C              
1 23949U 96040B   10088.73790564  .00000138  00000-0  10000-3 0  1778
2 23949   1.8737  75.9062 0003840 294.4793 113.2242  1.00270415 50265
TELECOM 2D              
1 24209U 96044B   10088.09728336 -.00000080  00000-0  10000-3 0   124
2 24209   3.6020  72.3581 0005778 287.2580 213.9226  1.00271905 50077
INMARSAT 3-F2           
1 24307U 96053A   10086.07473825 -.00000141  00000-0  10000-3 0  1601
2 24307   0.0827 318.5716 0005586  31.9732 205.2458  1.00271840 49625
ECHOSTAR 2              
1 24313U 96055A   10087.89132363 -.00000281  00000-0  10000-3 0  1447
2 24313   1.5789  77.0124 0003256 268.0665  92.7730  1.00227155 49672
AMC-1 (GE-1)            
1 24315U 96054A   10088.55187448 -.00000119  00000-0  10000-3 0  3099
2 24315   0.0144 160.8875 0003263 200.1723 281.4337  1.00272206 49630
ARABSAT-2B              
1 24652U 96063A   10088.09819432  .00000136  00000-0  10000-3 0  1565
2 24652   0.0216 194.7947 0004874 202.3851 215.0231  1.00266726 49462
MEASAT-2                
1 24653U 96063B   10088.07143545  .00000022  00000-0  10000-3 0  1204
2 24653   2.2603  75.5516 0001068 272.3027 229.8594  1.00272740 49029
EUTELSAT W48            
1 24665U 96067A   10088.60786885  .00000107  00000-0  10000-3 0   416
2 24665   0.9756  79.0662 0006848 290.9563  83.8952  1.00271051 49298
INMARSAT 3-F3           
1 24674U 96070A   10088.25660137  .00000022  00000-0  10000-3 0  2342
2 24674   0.0830 318.9077 0004907  45.3360  92.7532  1.00273586 48600
AMC-2 (GE-2)            
1 24713U 97002A   10088.55438037 -.00000132  00000-0  00000+0 0   141
2 24713   0.0483  64.7547 0002506 272.9298 307.6975  1.00272170 48200
NAHUEL 1A               
1 24714U 97002B   10088.39344978 -.00000275  00000-0  10000-3 0   248
2 24714   2.4701  75.3605 0004576 287.3954 253.7636  1.00270183 48208
INTELSAT 26 (IS-26)     
1 24732U 97007A   10085.83694584 -.00000110  00000-0  10000-3 0  7661
2 24732   2.2123  75.6328 0005282 311.4418 178.2466  1.00094874 47907
INTELSAT 801 (IS-801)   
1 24742U 97009A   10087.82570336 -.00000230  00000-0  00000+0 0  7346
2 24742   1.4378  78.6840 0002991 271.9136 103.2730  1.00272263 47939
DIRECTV 6 (TEMPO 2)     
1 24748U 97011A   10088.38483333 -.00000142  00000-0  10000-3 0  1674
2 24748   3.9076  72.0674 0029091 171.0198 189.3282  0.99030773 47761
BSAT-1A                 
1 24769U 97016B   10088.61904503 -.00000367  00000-0  10000-3 0   729
2 24769   0.0538 268.6187 0001744 154.7062  96.0358  1.00273984 47461
DFH 3-2                 
1 24798U 97021A   10088.40221384 -.00000273  00000-0  10000-3 0  7883
2 24798   5.7602  67.3208 0011100 318.0124  42.0532  1.00179670 47198
THOR II                 
1 24808U 97025A   10088.04332639  .00000018  00000-0  10000-3 0  7094
2 24808   1.7990  77.0428 0002146 289.7014 200.2699  1.00270355 47105
GALAXY 25 (G-25)        
1 24812U 97026A   10088.44437491 -.00000179  00000-0  10000-3 0   391
2 24812   0.0129 227.4254 0002868 132.2073 253.9580  1.00270717 47063
INMARSAT 3-F4           
1 24819U 97027A   10088.40640006 -.00000302  00000-0  10000-3 0   278
2 24819   0.3420  70.2378 0005161 297.0240 271.7489  1.00271476 47028
FENGYUN 2A              
1 24834U 97029A   10086.28446454 -.00000138  00000-0  10000-3 0  4745
2 24834   9.0837  59.4183 0094010  79.9686 281.1698  0.96051751 46480
INTELSAT 802 (IS-802)   
1 24846U 97031A   10087.64451733  .00000138  00000-0  10000-3 0  9742
2 24846   0.0119 312.0987 0002443  41.7381  97.0596  1.00274680 46772
SUPERBIRD-C             
1 24880U 97036A   10088.08626554 -.00000152  00000-0  10000-3 0  7632
2 24880   1.3170  78.1664 0000232 258.0011  35.7459  1.00391028 46335
AGILA 2                 
1 24901U 97042A   10088.44386662 -.00000252  00000-0  10000-3 0  9730
2 24901   0.0253 172.6721 0004769 188.0826 131.6964  1.00272933 46178
INTELSAT 5 (IS-5)       
1 24916U 97046A   10087.29769881 -.00000049  00000-0  10000-3 0  9284
2 24916   0.0068 149.0099 0000252 315.7210 357.0132  1.00270680 46227
EUTELSAT W75            
1 24931U 97049A   10088.66399263 -.00000105  00000-0  10000-3 0  1385
2 24931   1.0507  79.2549 0003160 355.9970  65.8871  1.00271861 46111
METEOSAT-7              
1 24932U 97049B   10088.82492667  .00000053  00000-0  00000+0 0  9717
2 24932   5.8877  66.0997 0001104 318.1802 157.2759  1.00267791 46057
AMC-3 (GE-3)            
1 24936U 97050A   10088.47318494 -.00000213  00000-0  10000-3 0  8677
2 24936   0.0157 231.6045 0002266 125.1690 273.3192  1.00271305 46040
NSS-5                   
1 24957U 97053A   10088.14279617 -.00000172  00000-0  00000+0 0  9625
2 24957   0.0233 160.7629 0002890 204.9079 212.1509  1.00271755 45836
ECHOSTAR 3              
1 25004U 97059A   10088.37488363 -.00000299  00000-0  10000-3 0  8039
2 25004   0.0425  53.1656 0001442 327.1598 239.7751  1.00273516 45745
TELSTAR 10 (APSTAR 2R)  
1 25010U 97062A   10088.58072045 -.00000119  00000-0  10000-3 0   469
2 25010   0.0283  90.3872 0004171 277.6854 104.3462  1.00272320 45606
INDOSTAR 1              
1 25050U 97071B   10086.89039128 -.00000356  00000-0  10000-3 0  1947
2 25050   4.2539  70.6564 0004634 309.7019 232.7806  1.00269052 45340
JCSAT-1B                
1 25067U 97075A   10088.44396961 -.00000219  00000-0  10000-3 0   726
2 25067   0.0993  80.7478 0003860 280.8822 134.9042  1.00270237 45165
ASTRA 1G                
1 25071U 97076A   10085.00000000  .00000121  00000-0  00000+0 0  8495
2 25071   0.0270  95.3090 0004539 277.8210 193.6830  1.00273353 45137
GALAXY 8                
1 25086U 97078A   10088.13729690 -.00000003  00000-0  10000-3 0  9040
2 25086   6.9059  64.8309 0010169 259.1157 100.8848  0.99704530 44946
HGS-1 (ASIASAT 3)       
1 25126U 97086A   10087.19625385  .00000119  00000-0  10000-3 0  3462
2 25126   2.3339 106.3970 0048581 220.7185 139.6015  1.00202147 45736
BRASILSAT B3            
1 25152U 98006A   10087.43280169 -.00000266  00000-0  10000-3 0  1358
2 25152   0.0554 149.9576 0002908 136.4822 340.0231  1.00268242 44553
INMARSAT 3-F5           
1 25153U 98006B   10088.77561883  .00000123  00000-0  10000-3 0   172
2 25153   0.4990   2.7674 0003859   9.9191 118.3050  1.00268993 44532
EUROBIRD 16             
1 25237U 98013A   10088.09785369  .00000086  00000-0  99999-4 0  1089
2 25237   0.0090 188.1918 0006027 178.0467 231.2403  1.00276629 44561
NSS-806                 
1 25239U 98014A   10086.90837777 -.00000279  00000-0  00000+0 0  5169
2 25239   0.0182 126.8886 0002682 238.4910 106.3450  1.00272213 44317
NILESAT 101             
1 25311U 98024A   10085.98115892 -.00000076  00000-0  10000-3 0  8281
2 25311   0.0548  10.5992 0006130 344.2817 175.6071  1.00269991 43906
COSMOS 2350             
1 25315U 98025A   10086.42884465 -.00000151  00000-0  10000-3 0  4500
2 25315   8.0359  58.9783 0006489 325.4426  34.6055  1.00280446 43630
ECHOSTAR 4              
1 25331U 98028A   10088.23797679 -.00000260  00000-0  10000-3 0  1599
2 25331   1.7353  57.3459 0004454 298.8696 199.1360  1.00269444 43672
CHINASTAR 1             
1 25354U 98033A   10088.64808272 -.00000223  00000-0  10000-3 0  7671
2 25354   0.0127 200.7830 0003384 160.5934 146.3284  1.00269907 47897
THOR III                
1 25358U 98035A   10088.09745763 -.00000026  00000-0  10000-3 0  5760
2 25358   0.1056  82.1051 0002162 271.8980 226.7953  1.00271778 43318
INTELSAT 805 (IS-805)   
1 25371U 98037A   10086.41902266 -.00000304  00000-0  10000-3 0  4740
2 25371   0.0099 197.1527 0002932 170.2604 272.6627  1.00271044 43149
SINOSAT 1 (XINNUO 1)    
1 25404U 98044A   10088.72480534 -.00000369  00000-0  10000-3 0  3436
2 25404   0.0474 296.1367 0005120  75.3374 186.9319  1.00272157 43024
ST-1                    
1 25460U 98049A   10086.80420366 -.00000229  00000-0  10000-3 0  7829
2 25460   0.0058 301.2894 0003691  64.8753 196.4413  1.00270708 42460
ASTRA 2A                
1 25462U 98050A   10085.00000000  .00000134  00000-0  00000+0 0  1196
2 25462   0.0750 142.0540 0002132 295.0660 134.3950  1.00275080 42436
INTELSAT 7 (IS-7)       
1 25473U 98052A   10088.68657432 -.00000043  00000-0  00000+0 0  9282
2 25473   0.0163 163.8991 0004014 216.7872 122.0679  1.00271485 42250
EUTELSAT W2             
1 25491U 98056A   10085.03060382 -.00000258  00000-0  10000-3 0    97
2 25491   0.2640  85.5837 0004358 311.3691 112.3340  0.99277286 42049
SIRIUS 3                
1 25492U 98056B   10088.04332639  .00000016  00000-0  10000-3 0  6254
2 25492   1.1651  79.4182 0001921 278.8558 208.5864  1.00269631 42136
EUROBIRD 2              
1 25495U 98057A   10088.09807549  .00000125  00000-0  10000-3 0  7904
2 25495   0.0645 349.7059 0005150  31.9133 225.5394  1.00270004 42044
AFRISTAR                
1 25515U 98063A   10088.67463073  .00000110  00000-0  10000-3 0  6563
2 25515   0.0339   8.4745 0004074 349.6373  92.6794  1.00272577 41837
AMC-5 (GE-5)            
1 25516U 98063B   10088.37446380 -.00000251  00000-0  10000-3 0  6076
2 25516   0.0018 191.8781 0003069 187.7046 222.8972  1.00269349 41861
INTELSAT 8 (IS-8)       
1 25522U 98065A   10088.59347378 -.00000074  00000-0  10000-3 0  7711
2 25522   0.0186 245.1285 0002820 111.8125 209.5622  1.00271774 41821
BONUM 1                 
1 25546U 98068A   10088.10093000  .00000061  00000-0  10000-3 0  5204
2 25546   0.0352 233.5403 0002148 118.3275 286.7911  1.00272690 41642
SATMEX 5                
1 25558U 98070A   10087.38467565 -.00000031  00000-0  10000-3 0  6131
2 25558   0.0071 153.5698 0002569 233.9298 179.8416  1.00272086 41636
GALAXY 26 (G-26)        
1 25626U 99005A   10088.75300079  .00000094  00000-0  00000+0 0  6193
2 25626   0.0243 356.4032 0002721  11.5453 140.8896  1.00272357 40744
JCSAT-4A                
1 25630U 99006A   10088.68108322 -.00000373  00000-0  10000-3 0  6486
2 25630   0.0126 174.0239 0002852 209.7328 172.3716  1.00270542 40609
BADR-3 (ARABSAT-3A)     
1 25638U 99009A   10084.85745125 -.00000300  00000-0  10000-3 0  7740
2 25638   1.3881  78.6343 0008347 226.6013 134.2433  1.00147545 40630
SKYNET 4E               
1 25639U 99009B   10085.88391847  .00000137  00000-0  10000-3 0  7504
2 25639   6.0254  50.4712 0004557 349.6028 137.7520  1.00267911 40619
ASIASAT 3S              
1 25657U 99013A   10088.57846456 -.00000351  00000-0  10000-3 0  5450
2 25657   0.0344 156.2800 0002291 216.3539 127.9302  1.00269990 40423
INSAT-2E (APR-1)        
1 25666U 99016A   10086.88799865 -.00000183  00000-0  10000-3 0  8520
2 25666   0.0266 288.5438 0002566 125.4795 173.8202  1.00270453 40347
EUTELSAT W6             
1 25673U 99018A   10088.67463073  .00000113  00000-0  10000-3 0  9789
2 25673   0.0684 351.1474 0004007  13.0912  87.1624  1.00274370 40191
NIMIQ 1                 
1 25740U 99027A   10085.28245141 -.00000191  00000-0  10000-3 0  7417
2 25740   0.0268 282.7588 0004795  81.9982 189.4035  1.00272060 39772
ASTRA 1H                
1 25785U 99033A   10085.00000000  .00000104  00000-0  00000+0 0  8156
2 25785   0.0800 137.8020 0003666 297.6860 127.0690  1.00276868 39495
TELKOM 1                
1 25880U 99042A   10088.61816903 -.00000361  00000-0  10000-3 0  8712
2 25880   0.0058 268.3109 0002428 108.1845 140.9209  1.00269794 38992
KOREASAT 3              
1 25894U 99046A   10087.22125545 -.00000380  00000-0  10000-3 0  4450
2 25894   0.0251 271.2118 0000774 144.3378 325.7699  1.00268103 37752
YAMAL 102               
1 25897U 99047B   10088.33874884 -.00000240  00000-0  10000-3 0  4370
2 25897   6.1105  66.5758 0004899 304.0104  27.7507  1.00270250 38753
GALAXY 27 (G-27)        
1 25922U 99052A   10088.55405688  .00000042  00000-0  10000-3 0  6169
2 25922   0.0139 178.1822 0002217 199.9012 239.1825  1.00271688 38483
ABS-1 (LMI 1)           
1 25924U 99053A   10088.61065737 -.00000104  00000-0  10000-3 0  4827
2 25924   0.0130 136.4086 0001470 231.4476 113.8234  1.00271684 38513
DIRECTV 1R              
1 25937U 99056A   10088.37462222 -.00000275  00000-0  10000-3 0  7818
2 25937   0.0057 207.1520 0002144 181.3540 220.5066  1.00272775 38362
TELSTAR 12 (ORION 2)    
1 25949U 99059A   10086.01473382 -.00000137  00000-0  10000-3 0  8023
2 25949   0.0224 103.1279 0003739 286.8377 144.6352  1.00271201 38218
AMC-4 (GE-4)            
1 25954U 99060A   10088.55437654 -.00000132  00000-0  00000+0 0  7999
2 25954   0.0067  82.3671 0002919 307.9264 255.1054  1.00271696 38082
GALAXY 11 (G-11)        
1 26038U 99071A   10085.88355447  .00000138  00000-0  10000-3 0  8572
2 26038   0.0421 343.1570 0000068 119.7443  72.1595  1.00274378 37689
ZHONGXING-22            
1 26058U 00003A   10088.76511816 -.00000306  00000-0  10000-3 0  3613
2 26058   1.8000  75.8451 0002940 312.8821 171.6443  1.00270190 37323
HISPASAT 1C             
1 26071U 00007A   10085.44450828 -.00000234  00000-0  00000+0 0  3760
2 26071   0.0551  27.5300 0005116 348.1054 298.1149  1.00269181 37219
GARUDA 1                
1 26089U 00011A   10088.71138906 -.00000376  00000-0  10000-3 0  5479
2 26089   1.4483 250.7131 0003939 163.1297 152.2431  1.00269870 37123
SUPERBIRD-B2            
1 26095U 00012A   10086.43221308 -.00000110  00000-0  10000-3 0  8607
2 26095   0.0055 204.6591 0002238 148.9533 148.7289  1.00271632 37066
EXPRESS 2A              
1 26098U 00013A   10088.65997425 -.00000334  00000-0  10000-3 0   764
2 26098   3.9360  71.6575 0002479   0.6479  94.9809  1.00272170 36791
ASIASTAR                
1 26107U 00016A   10088.57846438 -.00000349  00000-0  10000-3 0  7589
2 26107   0.0335 358.8857 0004351  12.0821 129.1427  1.00271019 36758
INSAT-3B                
1 26108U 00016B   10086.88799845 -.00000182  00000-0  10000-3 0  6732
2 26108   0.0492 105.6886 0005793 206.8570 275.2936  1.00270385 36683
SESAT 1                 
1 26243U 00019A   10088.77527483  .00000087  00000-0  99999-4 0  7292
2 26243   0.0611 354.6536 0002455 320.7931 166.6732  1.00272404 36437
GOES 11                 
1 26352U 00022A   10088.53284383  .00000072  00000-0  10000-3 0  7659
2 26352   0.2273  84.2353 0001174 276.9665 241.9676  1.00278192 36265
EUTELSAT W4             
1 26369U 00028A   10088.67361433  .00000138  00000-0  10000-3 0  6090
2 26369   0.0654 358.6390 0003925   4.3280 102.5586  1.00274214 36088
TDRS 8                  
1 26388U 00034A   10088.61812670 -.00000235  00000-0  10000-3 0  1270
2 26388   2.0592  95.6258 0004329 237.7695 165.1727  1.00268681 35794
COSMOS 2371             
1 26394U 00036A   10086.46564422 -.00000061  00000-0  10000-3 0  7957
2 26394   7.3128  62.9791 0002580 293.0968  66.9905  1.00277264 35623
ECHOSTAR 6              
1 26402U 00038A   10088.33062399 -.00000299  00000-0  99999-4 0  8288
2 26402   0.0076 137.4491 0002444 239.5350 227.0035  1.00271440 35555
INTELSAT 9 (IS-9)       
1 26451U 00043A   10087.10654966 -.00000303  00000-0  10000-3 0  3689
2 26451   0.0046 219.3810 0002123 150.1471 156.2337  1.00270824 35437
BRASILSAT B4            
1 26469U 00046A   10087.10007407 -.00000229  00000-0  10000-3 0  6469
2 26469   0.0415 209.6205 0004395 200.7051  87.0504  1.00271336 35228
NILESAT 102             
1 26470U 00046B   10085.98115892 -.00000075  00000-0  10000-3 0  3638
2 26470   0.0235 221.8956 0005941 135.2598 173.3760  1.00273736 35213
RADUGA-1 5              
1 26477U 00049A   10088.54712020 -.00000346  00000-0  10000-3 0  7971
2 26477   7.1860  63.5576 0002094 301.8026 123.6526  1.00280894 35091
EUROBIRD 4A             
1 26487U 00052A   10086.96941270  .00000008  00000-0  10000-3 0  4275
2 26487   0.0755 349.2122 0006680  17.5632 171.4891  1.00271105 35032
ASTRA 2B                
1 26494U 00054A   10085.00000000  .00000134  00000-0  00000+0 0  7791
2 26494   0.0270 232.7230 0004351 121.5270 217.2990  1.00279865 34900
AMC-7 (GE-7)            
1 26495U 00054B   10087.60807896  .00000078  00000-0  10000-3 0  5866
2 26495   0.0111 171.1909 0003275 192.5538 264.0563  1.00273608 34942
NSS-11 (AAP-1)          
1 26554U 00059A   10088.61816920 -.00000362  00000-0  10000-3 0  6977
2 26554   0.0277 136.4511 0002904 229.4000 151.7733  1.00270987 34809
N-SAT-110 (SUPERBIRD-D) 
1 26559U 00060A   10087.72330257 -.00000369  00000-0  10000-3 0  6358
2 26559   0.0130 189.2639 0000436  72.0551 295.1586  1.00270889 34721
AMC-6 (GE-6)            
1 26580U 00067A   10088.09562778 -.00000277  00000-0  10000-3 0  5509
2 26580   0.0162 129.1992 0002619 233.6153 145.9753  1.00270145 34580
INTELSAT 12 (IS-12)     
1 26590U 00068A   10088.60220844  .00000120  00000-0  00000+0 0  4198
2 26590   0.0045 167.3929 0003210 158.2121 123.0543  1.00270952 34513
BEIDOU 1A               
1 26599U 00069A   10087.60584094 -.00000298  00000-0  10000-3 0  4908
2 26599   1.2549  78.3059 0003700 306.0539 159.5820  1.00271969 34543
INTELSAT 1R (IS-1R)     
1 26608U 00072A   10086.70920706 -.00000300  00000-0  00000+0 0  1699
2 26608   0.1341  73.7565 0000463 326.5168 349.9883  1.00267417 34346
ANIK F1                 
1 26624U 00076A   10088.76655069 -.00000091  00000-0  00000+0 0  5787
2 26624   0.0110 175.9488 0003126 184.4638 355.2663  1.00271457 34332
ASTRA 2D                
1 26638U 00081A   10085.00000000  .00000134  00000-0  00000+0 0  7690
2 26638   0.0790 200.4390 0001562  25.0960 345.9920  1.00276691 34019
AMC-8 (GE-8)            
1 26639U 00081B   10088.29872722  .00000087  00000-0  10000-3 0  5514
2 26639   0.0143 127.6763 0002614 227.0072 160.4156  1.00272231 34010
BEIDOU 1B               
1 26643U 00082A   10088.57638670 -.00000154  00000-0  10000-3 0  5676
2 26643   2.7167  74.1644 0004600 298.4191 102.0750  1.00271984 34000
TURKSAT 2A              
1 26666U 01002A   10087.92503034  .00000128  00000-0  10000-3 0  6072
2 26666   0.0403 256.5786 0003641 101.1882 203.4200  1.00272753 33755
SICRAL 1                
1 26694U 01005A   10088.81538211  .00000089  00000-0  00000+0 0  5991
2 26694   2.0635  75.5816 0003192 318.7661 102.4697  1.00271354 33529
SKYNET 4F               
1 26695U 01005B   10086.18660470 -.00000253  00000-0  10000-3 0  2955
2 26695   4.3449  57.1524 0003659 259.7279 260.8003  1.00271519 33463
EUROBIRD 1              
1 26719U 01011A   10088.66172731  .00000133  00000-0  10000-3 0  6873
2 26719   0.0684 355.7869 0004196  13.6322  84.2501  1.00275003 33199
BSAT-2A                 
1 26720U 01011B   10088.61900392 -.00000367  00000-0  10000-3 0  4432
2 26720   0.0527 356.2333 0004416  35.3143 128.0234  1.00268100 33174
XM-2 (ROCK)             
1 26724U 01012A   10088.37430537 -.00000222  00000-0  00000+0 0  7404
2 26724   0.0719 268.7841 0000232 218.5452 108.8169  1.00269272 33154
XM-1 (ROLL)             
1 26761U 01018A   10088.08372067 -.00000223  00000-0  00000+0 0  5287
2 26761   0.0899 267.5261 0001562  50.7173 173.1055  1.00271524 32623
INTELSAT 10 (IS-10)     
1 26766U 01019A   10088.68656838 -.00000041  00000-0  00000+0 0  5312
2 26766   0.0074 252.4477 0001394 122.5883 127.5635  1.00271980 32537
INTELSAT 901 (IS-901)   
1 26824U 01024A   10086.07709554 -.00000159  00000-0  10000-3 0  5335
2 26824   0.0119 166.7488 0003387 191.4166 195.9680  1.00270793 32253
ASTRA 2C                
1 26853U 01025A   10085.00000000  .00000138  00000-0  00000+0 0  7131
2 26853   0.0360 112.5610 0002296 244.4590 217.8100  1.00275626 32180
ARTEMIS                 
1 26863U 01029A   10088.68563001  .00000113  00000-0  10000-3 0  8610
2 26863   8.1332  65.1912 0004500 316.2897  73.6453  1.00272456 33015
GOES 12                 
1 26871U 01031A   10088.48846065 -.00000269  00000-0  00000+0 0  5024
2 26871   0.3582  85.9777 0003384 317.3960 244.9116  1.00273778 31864
COSMOS 2379             
1 26892U 01037A   10087.95825939  .00000140  00000-0  99999-4 0  5499
2 26892   5.5330  65.9452 0001385 303.2765 195.4644  1.00344087 31463
INTELSAT 902 (IS-902)   
1 26900U 01039A   10086.85288329  .00000015  00000-0  00000+0 0  5384
2 26900   0.0031 202.1680 0003029 158.4775 193.5490  1.00272417 31439
ATLANTIC BIRD 2         
1 26927U 01042A   10085.98547631 -.00000084  00000-0  10000-3 0  3384
2 26927   0.0971  33.5522 0005483 323.5559 173.8932  1.00272869 31166
DIRECTV 4S              
1 26985U 01052A   10087.22980498 -.00000132  00000-0  00000+0 0  4919
2 26985   0.0047 233.6741 0002499 126.3208 167.1200  1.00271685 30588
INSAT-3C                
1 27298U 02002A   10087.63134420 -.00000095  00000-0  10000-3 0  4737
2 27298   0.0480 108.5845 0004347 210.0587 168.5725  1.00271966 29966
ECHOSTAR 7              
1 27378U 02006A   10088.51074499 -.00000017  00000-0  10000-3 0  5136
2 27378   0.0474  41.2980 0001526 353.1908 217.2497  1.00271005 29662
INTELSAT 904 (IS-904)   
1 27380U 02007A   10086.86403778  .00000031  00000-0  00000+0 0  5536
2 27380   0.0069 222.3240 0003347 146.0791 187.8099  1.00272071 29684
TDRS 9                  
1 27389U 02011A   10087.23956972 -.00000297  00000-0  00000+0 0  5064
2 27389   1.8029 215.0946 0017960 159.2802 195.1895  1.00276225 31027
JCSAT-2A                
1 27399U 02015A   10086.40048858 -.00000183  00000-0  10000-3 0  3845
2 27399   0.0074 209.5506 0001773 154.5420 118.7974  1.00271676 29344
ASTRA 3A                
1 27400U 02015B   10085.00000000  .00000121  00000-0  00000+0 0  2610
2 27400   0.0630 230.0940 0003847  57.0670 279.6680  1.00272879 29330
INTELSAT 903 (IS-903)   
1 27403U 02016A   10086.18625736 -.00000256  00000-0  10000-3 0  3181
2 27403   0.0092 134.7068 0002820 228.7450 213.5939  1.00270532 29337
NSS-7                   
1 27414U 02019A   10088.09692689 -.00000186  00000-0  00000+0 0  4851
2 27414   0.0285 118.5017 0003990 299.6158 141.1168  1.00271451 29182
DIRECTV 5 (TEMPO 1)     
1 27426U 02023A   10088.46866313 -.00000073  00000-0  10000-3 0  4789
2 27426   0.0072 170.8834 0003026 191.6186 242.8448  1.00272586 28931
INTELSAT 905 (IS-905)   
1 27438U 02027A   10087.02850823 -.00000203  00000-0  10000-3 0  1407
2 27438   0.0364 260.4644 0003907 122.1714 148.4212  1.00270752 28660
EXPRESS 4A              
1 27441U 02029A   10089.03077910 -.00000128  00000-0  10000-3 0  4414
2 27441   0.6563  80.7829 0003627 276.3429 187.2419  1.00271242 28589
GALAXY 3C (G-3C)        
1 27445U 02030A   10088.72471852 -.00000168  00000-0  00000+0 0  1447
2 27445   0.0312  10.5674 0000139 164.9845 177.3085  1.00271486 28553
ATLANTIC BIRD 3         
1 27460U 02035A   10088.09735464 -.00000060  00000-0  10000-3 0  2527
2 27460   0.0626 352.5050 0005254  24.0275 199.8734  1.00271577 28349
N-STAR C                
1 27461U 02035B   10084.45877958 -.00000322  00000-0  10000-3 0   506
2 27461   0.0366 210.8111 0005645 172.8569 100.2453  1.00268982 28314
HOT BIRD 6              
1 27499U 02038A   10088.07510404  .00000069  00000-0  10000-3 0  6909
2 27499   0.0496 280.8916 0004724  66.0457 239.4454  1.00272537 27851
ECHOSTAR 8              
1 27501U 02039A   10088.24048230 -.00000259  00000-0  10000-3 0  5413
2 27501   0.0131 242.4633 0003003 131.5726 182.0504  1.00270457 27877
ATLANTIC BIRD 1         
1 27508U 02040A   10087.85189596 -.00000118  00000-0  10000-3 0  3534
2 27508   0.0829  14.1761 0002527  42.9363  63.2370  1.00272587 27851
METEOSAT-8 (MSG-1)      
1 27509U 02040B   10088.09770318  .00000046  00000-0  10000-3 0  4743
2 27509   0.5406  31.1437 0000451 114.4185  85.2872  1.00276280 27853
INTELSAT 906 (IS-906)   
1 27513U 02041A   10086.89370904 -.00000003  00000-0  10000-3 0  3217
2 27513   0.0257  77.1721 0002755 290.1454 203.7504  1.00271276 27717
KODAMA (DRTS)           
1 27516U 02042B   10088.58228942 -.00000253  00000-0  10000-3 0  3401
2 27516   0.0557  30.6979 0003452 323.9531 132.5893  1.00271036 27701
KALPANA-1 (METSAT 1)    
1 27525U 02043A   10088.66283478 -.00000094  00000-0  10000-3 0  1025
2 27525   0.0087 237.5780 0007241 176.0255  85.9486  1.00271427 27665
HISPASAT 1D             
1 27528U 02044A   10088.81776940 -.00000234  00000-0  00000+0 0  1556
2 27528   0.0504 331.1039 0005475  17.8409 102.5347  1.00270388 27599
EUTELSAT W5             
1 27554U 02051A   10086.88695852 -.00000061  00000-0  10000-3 0  2419
2 27554   0.0519 305.7306 0003549 112.7581 156.4336  1.00271403 26969
TDRS 10                 
1 27566U 02055A   10087.84684948 -.00000282  00000-0  10000-3 0  2377
2 27566   0.4674 302.0955 0002538 329.7577 178.1978  1.00265767 26868
NSS-6                   
1 27603U 02057A   10086.87896927 -.00000287  00000-0  00000+0 0  1015
2 27603   0.0089 213.6535 0002450 149.8865 233.0724  1.00270136 26700
NIMIQ 2                 
1 27632U 02062A   10085.28287848 -.00000191  00000-0  10000-3 0   998
2 27632   0.0181 226.7433 0003534 136.0507 191.5317  1.00271629 26548
INTELSAT 907 (IS-907)   
1 27683U 03007A   10087.82693135 -.00000220  00000-0  10000-3 0  8795
2 27683   0.0113 241.8369 0003085 133.2221  81.2379  1.00271093 26085
INSAT-3A                
1 27714U 03013A   10087.63676819 -.00000275  00000-0  10000-3 0   596
2 27714   0.0247 275.1205 0004946  47.4151 186.1142  1.00270128 25554
GALAXY 12 (G-12)        
1 27715U 03013B   10088.51259934  .00000007  00000-0  10000-3 0  2695
2 27715   0.0150 299.8709 0001215  75.4534 233.0743  1.00272522 25607
ASIASAT 4               
1 27718U 03014A   10088.06327704 -.00000377  00000-0  10000-3 0  3557
2 27718   0.0220 120.6372 0000049 240.6054 330.0651  1.00272716 25535
COSMOS 2397             
1 27775U 03015A   10087.62789176  .00000113  00000-0  10000-3 0  1721
2 27775   4.0865  68.8499 0045576 211.9791 148.0091  1.00464582 25419
GSAT-2                  
1 27807U 03018A   10088.60786944  .00000107  00000-0  10000-3 0  1519
2 27807   0.0770 274.2241 0004018  94.5010  84.9968  1.00273105 25284
HELLAS-SAT 2            
1 27811U 03020A   10086.06847541  .00000134  00000-0  10000-3 0   728
2 27811   0.0116 241.2254 0003825 125.1848 241.5945  1.00272070 25068
BEIDOU 1C               
1 27813U 03021A   10088.72480473 -.00000369  00000-0  10000-3 0   319
2 27813   0.1320 216.4160 0002349 311.5662  30.4788  1.00273120 25116
AMC-9 (GE-12)           
1 27820U 03024A   10088.51453227 -.00000233  00000-0  10000-3 0   910
2 27820   0.0280 118.6947 0004083 228.2114 302.1114  1.00270106 24962
THURAYA-2               
1 27825U 03026A   10088.65124201  .00000114  00000-0  10000-3 0  7474
2 27825   2.8046 351.7286 0005002   7.4695 106.2014  1.00273538 24960
BSAT-2C                 
1 27830U 03028A   10088.61899096 -.00000367  00000-0  10000-3 0  1148
2 27830   0.0187 150.3181 0002136 278.3727  90.9140  1.00270957 24937
OPTUS C1                
1 27831U 03028B   10088.07975954 -.00000165  00000-0  10000-3 0  2683
2 27831   0.0149 214.0748 0002368 147.2957   9.6971  1.00270825 24921
ECHOSTAR 12 (RAINBOW 1) 
1 27852U 03033A   10088.33062457 -.00000300  00000-0  00000+0 0  1142
2 27852   0.0303  66.5935 0001548 283.4949 254.2008  1.00270379 24582
GALAXY 23 (G-23)        
1 27854U 03034A   10086.41916793 -.00000005  00000-0  00000+0 0  1369
2 27854   0.0163 251.6608 0002955 120.3393 202.6281  1.00273797 24348
EUROBIRD 3              
1 27948U 03043A   10088.78730049  .00000139  00000-0  10000-3 0  1893
2 27948   0.0643   5.0245 0000886  39.1919  99.3997  1.00273628 23937
INSAT-3E                
1 27951U 03043E   10083.57981499  .00000072  00000-0  00000-0 0   583
2 27951   0.0086 234.7305 0004801 138.8857  72.0827  1.00272603 23784
GALAXY 13 (HORIZONS-1)  
1 27954U 03044A   10087.61376954  .00000030  00000-0  10000-3 0   173
2 27954   0.0033  73.9401 0002749   7.3330 198.5659  1.00270048 23838
ZHONGXING-20            
1 28082U 03052A   10088.57876175 -.00000309  00000-0  10000-3 0  9800
2 28082   0.0204 105.7415 0005168 279.2207 108.3307  1.00271881 23386
YAMAL 202               
1 28089U 03053A   10087.92159444  .00000102  00000-0  10000-3 0  8741
2 28089   0.0343 264.9818 0002608  94.5632 207.3830  1.00272586 23292
YAMAL 201               
1 28094U 03053B   10088.75971622 -.00000247  00000-0  10000-3 0  2812
2 28094   0.0469 268.7553 0002825 150.6899 131.0598  1.00276102 25479
AMOS 2                  
1 28132U 03059A   10088.09737840 -.00000052  00000-0  10000-3 0  9013
2 28132   0.0424 251.5928 0002961 107.2978 218.5108  1.00271476 22986
EXPRESS-AM 22           
1 28134U 03060A   10088.77500037  .00000081  00000-0  10000-3 0  9738
2 28134   0.0426 313.1185 0001721 115.8664  90.0621  1.00273295 22917
ESTRELA DO SUL          
1 28137U 04001A   10087.36039828 -.00000298  00000-0  10000-3 0  8602
2 28137   0.0164 128.2657 0004151 263.6123 220.4983  1.00268916 22970
AMC-10 (GE-10)          
1 28154U 04003A   10088.53283980  .00000071  00000-0  10000-3 0  2122
2 28154   0.0318 115.8169 0002584 246.3638 241.4351  1.00272997 22535
MBSAT                   
1 28184U 04007A   10088.66333568 -.00000267  00000-0  10000-3 0  9519
2 28184   0.0131 248.6714 0001827 106.2373 214.8884  1.00271494 22223
EUTELSAT W3A            
1 28187U 04008A   10086.84813250  .00000030  00000-0  10000-3 0  9182
2 28187   0.0633 351.1845 0003490  13.8642 132.4079  1.00272481 22169
RADUGA-1 7              
1 28194U 04010A   10088.11808167 -.00000352  00000-0  10000-3 0  2132
2 28194   4.5277  79.7563 0006442  52.1832 201.1433  1.00387976 21991
DIRECTV 7S              
1 28238U 04016A   10088.51074564 -.00000016  00000-0  10000-3 0   525
2 28238   0.0161 131.1334 0002633 237.4246 243.0170  1.00271958 21688
AMC-11 (GE-11)          
1 28252U 04017A   10088.56508230  .00000052  00000-0  10000-3 0  8942
2 28252   0.0425  38.9757 0002821 332.6414 247.6417  1.00272573 21479
INTELSAT 10-02          
1 28358U 04022A   10088.09744970 -.00000028  00000-0  10000-3 0  8300
2 28358   0.0125 164.5063 0000880 136.4342 279.5661  1.00272515 21226
APSTAR 5 (TELSTAR 18)   
1 28364U 04024A   10088.06534940 -.00000312  00000-0  10000-3 0  7125
2 28364   0.0211 123.3640 0002350 222.2857   2.2173  1.00270771 21201
ANIK F2                 
1 28378U 04027A   10088.22025368 -.00000067  00000-0  10000-3 0  9073
2 28378   0.0090 106.4163 0001814 220.6199 187.6662  1.00272568 20956
AMAZONAS                
1 28393U 04031A   10088.33062444 -.00000300  00000-0  00000+0 0  7469
2 28393   0.0497  26.1348 0005157 356.5688 221.9222  1.00273223 20721
EDUSAT                  
1 28417U 04036A   10088.72243139 -.00000093  00000-0  10000-3 0   902
2 28417   0.9689  79.3809 0006273 221.4452 220.2401  1.00271666 20282
AMC-15                  
1 28446U 04041A   10088.37379047 -.00000106  00000-0  10000-3 0   195
2 28446   0.0051 183.4293 0002201 163.5591 229.1747  1.00271550 20002
FENGYUN 2C              
1 28451U 04042A   10088.07043225 -.00000373  00000-0  10000-3 0  8234
2 28451   2.0946  74.5899 0001520 323.6236 297.0562  1.00270397 19907
EXPRESS-AM 1            
1 28463U 04043A   10088.80132934  .00000133  00000-0  10000-3 0  6933
2 28463   0.0506 308.0582 0001909 137.0199  70.4678  1.00272705 19827
AMC-16                  
1 28472U 04048A   10088.08372067 -.00000224  00000-0  00000+0 0   112
2 28472   0.0149 134.8824 0002141 215.4544 141.1729  1.00271904 19416
NSS-10 (AMC-12)         
1 28526U 05003A   10088.79409880 -.00000268  00000-0  10000-3 0  5721
2 28526   0.0105 299.1962 0002483  74.3307  62.0005  1.00268867 18921
XTAR-EUR                
1 28542U 05005A   10088.78647067  .00000134  00000-0  10000-3 0  6172
2 28542   0.0190 118.9942 0001548 247.1407 133.0519  1.00273440 18787
HIMAWARI-6 (MTSAT-1R)   
1 28622U 05006A   10087.60292804 -.00000298  00000-0  10000-3 0  3479
2 28622   0.0546  19.8874 0001711 122.6948  40.4224  1.00271894 18609
XM-3 (RHYTHM)           
1 28626U 05008A   10088.08372115 -.00000223  00000-0  00000+0 0  7031
2 28626   0.0033 170.9938 0000562 254.4329  65.9807  1.00270856 18666
INMARSAT 4-F1           
1 28628U 05009A   10088.67505581 -.00000279  00000-0  10000-3 0  2710
2 28628   2.3535 329.6917 0002976  35.7118 208.0526  1.00271531 18284
EXPRESS-AM 2            
1 28629U 05010A   10087.59784391 -.00000154  00000-0  10000-3 0  3387
2 28629   0.0439 348.4017 0001031  17.6907 115.0265  1.00271569 18300
APSTAR 6                
1 28638U 05012A   10089.39362894 -.00000334  00000-0  10000-3 0  6483
2 28638   0.0321 105.7767 0001767 277.3996  80.1852  1.00272664 43034
SPACEWAY 1              
1 28644U 05015A   10088.55187458 -.00000119  00000-0  10000-3 0  8440
2 28644   0.0318  16.4057 0000135 105.8945 160.2632  1.00271394 18110
DIRECTV 8               
1 28659U 05019A   10088.55437734 -.00000133  00000-0  00000+0 0  9368
2 28659   0.0084 268.8993 0002459  98.0397 278.5985  1.00271343 17783
GALAXY 28 (G-28)        
1 28702U 05022A   10088.48575082 -.00000202  00000-0  10000-3 0  7946
2 28702   0.0296 103.1412 0000928 253.7839 275.6936  1.00270817 17491
EXPRESS-AM 3            
1 28707U 05023A   10087.60890360 -.00000297  00000-0  10000-3 0  1964
2 28707   0.0554 170.4163 0003056 205.6325 169.1617  1.00271243 17457
THAICOM 4               
1 28786U 05028A   10087.63386100 -.00000380  00000-0  10000-3 0  6745
2 28786   0.0029 172.8897 0002307 203.9464 156.7819  1.00269629 16993
GALAXY 14 (G-14)        
1 28790U 05030A   10088.44629058  .00000019  00000-0  10000-3 0  8857
2 28790   0.0469  51.9094 0002544 312.1712 218.3084  1.00272354 16914
ANIK F1R                
1 28868U 05036A   10088.77280101 -.00000091  00000-0  00000+0 0  7661
2 28868   0.0129 158.1984 0001871 249.2861 310.4506  1.00272995 16754
GALAXY 15 (G-15)        
1 28884U 05041A   10088.55674175  .00000062  00000-0  10000-3 0  7931
2 28884   0.0393  65.5139 0002558 302.0032 246.7340  1.00272865 16347
SYRACUSE 3A             
1 28885U 05041B   10085.03824009  .00000113  00000-0  10000-3 0  7460
2 28885   0.0026 168.5093 0002761 199.4912 236.1064  1.00272028 16409
INMARSAT 4-F2           
1 28899U 05044A   10088.77562524  .00000118  00000-0  10000-3 0  1259
2 28899   2.2182 321.3923 0003069  55.9990 113.9510  1.00272417 16125
TELKOM 2                
1 28902U 05046A   10088.69825010 -.00000380  00000-0  10000-3 0  7741
2 28902   0.0121 180.3039 0001546 186.4751 189.5508  1.00268649 16019
SPACEWAY 2              
1 28903U 05046B   10088.73570817 -.00000143  00000-0  10000-3 0  7487
2 28903   0.0307  21.6718 0000152 216.0084 115.0554  1.00271273 16098
INSAT-4A                
1 28911U 05049A   10088.81180521 -.00000182  00000-0  10000-3 0   641
2 28911   0.0068 131.1222 0006436 291.8547 139.3196  1.00273071 15698
METEOSAT-9 (MSG-2)      
1 28912U 05049B   10088.05310370 -.00000017  00000-0  00000+0 0  6373
2 28912   0.2523  77.8870 0001230 283.5556 204.3662  1.00280669 15701
AMC-23                  
1 28924U 05052A   10086.59983208 -.00000023  00000-0  10000-3 0  7411
2 28924   0.0103 183.3971 0002925 171.4831 217.9835  1.00273620 15569
ECHOSTAR 10             
1 28935U 06003A   10088.46866248 -.00000073  00000-0  10000-3 0  8700
2 28935   0.0416  39.3606 0001083 312.0602 253.8426  1.00272375 15118
MTSAT-2                 
1 28937U 06004A   10088.66000662 -.00000260  00000-0  10000-3 0  7252
2 28937   0.0590 278.5059 0003700  85.0896 205.9736  1.00270170 15092
SPAINSAT                
1 28945U 06007A   10088.80763361 -.00000233  00000-0  00000+0 0  4502
2 28945   0.0257 224.0640 0002168 102.7640 120.9927  1.00269932 14860
EUROBIRD 9A             
1 28946U 06007B   10088.09769527  .00000044  00000-0  10000-3 0  4430
2 28946   0.0019 284.4557 0003747  88.1089 217.9698  1.00273311 14905
JCSAT-5A                
1 29045U 06010A   10088.72912142 -.00000345  00000-0  10000-3 0  5973
2 29045   0.0078 262.0219 0001700  99.4174 220.0914  1.00271482 14559
ASTRA 1KR               
1 29055U 06012A   10085.00000000  .00000104  00000-0  00000+0 0  3374
2 29055   0.0820 213.8480 0002322  98.2970 250.3750  1.00273803 14431
GALAXY 16 (G-16)        
1 29236U 06023A   10088.74076146 -.00000144  00000-0  10000-3 0  6929
2 29236   0.0146 159.9190 0002979 203.2337 351.5282  1.00271665 13868
GOES 13                 
1 29155U 06018A   10088.35572069 -.00000224  00000-0  99999-4 0   383
2 29155   0.3455 266.6786 0002346 228.3688  91.5694  1.00400582 14115
SATMEX 6                
1 29162U 06020A   10087.22108479 -.00000055  00000-0  10000-3 0  5606
2 29162   0.0308  53.1532 0002287 309.5265 149.4181  1.00270707 14064
THAICOM 5               
1 29163U 06020B   10088.57693947 -.00000138  00000-0  10000-3 0  7733
2 29163   0.0266 258.7392 0004151  98.9357 115.3788  1.00271721 14149
HOT BIRD 8              
1 29270U 06032A   10088.07553216  .00000069  00000-0  10000-3 0  4564
2 29270   0.0723 359.6504 0005839  17.7997 209.0597  1.00269853 13461
JCSAT-3A                
1 29272U 06033A   10087.20487986 -.00000363  00000-0  10000-3 0  6235
2 29272   0.0167 269.4511 0002191  77.5492  40.2415  1.00268845 13355
SYRACUSE 3B             
1 29273U 06033B   10088.09734672 -.00000061  00000-0  10000-3 0  4896
2 29273   0.0128 207.3904 0003827 175.9790 192.8315  1.00271892 13349
KOREASAT 5 (MUGUNGWHA 5)
1 29349U 06034A   10087.57611206 -.00000376  00000-0  10000-3 0  6442
2 29349   0.0280 114.5489 0002574 288.2179 103.5353  1.00269364 13236
ZHONGXING-22A           
1 29398U 06038A   10088.63289911 -.00000339  00000-0  10000-3 0   715
2 29398   0.3551  78.8074 0003662 306.2606 132.8518  1.00268370 13044
DIRECTV 9S              
1 29494U 06043A   10086.39007479 -.00000131  00000-0  00000-0 0  6752
2 29494   0.0236 329.1707 0002823  30.6943 224.1391  1.00271081 12689
OPTUS D1                
1 29495U 06043B   10088.42937601 -.00000128  00000-0  10000-3 0  5296
2 29495   0.0100 149.7414 0003039 212.2625 139.2655  1.00271320 12748
XM-4 (BLUES)            
1 29520U 06049A   10088.50150782 -.00000042  00000-0  10000-3 0  4853
2 29520   0.0075 178.9976 0000878  72.5285   0.7850  1.00271319 12604
BADR-4 (ARABSAT-4B)     
1 29526U 06051A   10088.09809133  .00000127  00000-0  10000-3 0  5806
2 29526   0.0745  20.1364 0005257 353.1131 234.4310  1.00269471 12486
FENGYUN 2D              
1 29640U 06053A   10088.64808005 -.00000211  00000-0  10000-3 0  8665
2 29640   0.4653  98.4424 0002193 285.7333 122.3776  1.00267186 12167
WILDBLUE-1              
1 29643U 06054A   10088.77800054 -.00000067  00000-0  10000-3 0  5575
2 29643   0.0071 115.6648 0002712 310.3015 290.0418  1.00273283 12148
AMC-18                  
1 29644U 06054B   10088.32294965 -.00000107  00000-0  10000-3 0  6065
2 29644   0.0142 138.6490 0002048 216.0281 203.2226  1.00271978 12150
MEASAT-3                
1 29648U 06056A   10088.58873330 -.00000258  00000-0  10000-3 0  5952
2 29648   0.0366 107.2596 0001778 292.1622  90.8840  1.00270181 12173
KIKU-8 (ETS-VIII)       
1 29656U 06059A   10088.40918398 -.00000252  00000-0  10000-3 0  5009
2 29656   0.1000  79.6052 0004192 281.6305 118.7756  1.00272785 12067
BEIDOU 1D               
1 30323U 07003A   10085.10870194  .00000062  00000-0  10000-3 0  8334
2 30323   3.5613 272.5660 0059946 319.6222  39.5427  0.99148490 11935
INSAT-4B                
1 30793U 07007A   10087.24139316 -.00000275  00000-0  10000-3 0  7640
2 30793   0.0252 128.9449 0004093 275.1241 321.8445  1.00269505 11173
SKYNET 5A               
1 30794U 07007B   10087.03485634  .00000023  00000-0  99999-4 0  4883
2 30794   0.0718   5.7393 0003085   5.7163 192.3953  1.00274180 11339
ANIK F3                 
1 31102U 07009A   10088.51074490 -.00000018  00000-0  10000-3 0  4584
2 31102   0.0069 242.3564 0002302 120.0491 249.5447  1.00272965 10934
ASTRA 1L                
1 31306U 07016A   10085.00000000  .00000103  00000-0  00000+0 0  3112
2 31306   0.0570 232.3900 0004457 101.4720 228.6440  1.00273485 10648
GALAXY 17 (G-17)        
1 31307U 07016B   10085.28228735 -.00000191  00000-0  10000-3 0  4608
2 31307   0.0101 123.9366 0002891 220.1305 210.1746  1.00272570 10647
NIGCOMSAT 1             
1 31395U 07018A   10086.41153502 -.00000349  00000-0  10000-3 0  5877
2 31395   1.3022  77.6715 0005022 308.6234  52.4014  1.00247844 10657
SINOSAT 3               
1 31577U 07021A   10088.46236479 -.00000372  00000-0  10000-3 0  8111
2 31577   0.0200 217.7187 0002725 127.9066 132.5282  1.00265898 10381
ZHONGXING-6B            
1 31800U 07031A   10088.58461403 -.00000379  00000-0  10000-3 0  7421
2 31800   0.0108 137.0260 0003819 238.9196 136.9123  1.00273258 10072
DIRECTV 10              
1 31862U 07032A   10088.55187212 -.00000120  00000-0  10000-3 0  4623
2 31862   0.0170  80.0412 0000106 351.0544 211.5701  1.00270857 10002
SPACEWAY 3              
1 32018U 07036A   10088.71972818 -.00000169  00000-0  00000+0 0  3888
2 32018   0.0323   5.6009 0000153 118.3345 227.2064  1.00270607  9722
BSAT-3A                 
1 32019U 07036B   10088.61899098 -.00000368  00000-0  10000-3 0  3770
2 32019   0.0333 188.0385 0000812 200.1416 131.4618  1.00274397  9662
INSAT-4CR               
1 32050U 07037A   10088.66283405 -.00000094  00000-0  10000-3 0  7455
2 32050   0.0110 145.6036 0003888 251.2643 102.7157  1.00270991  9460
OPTUS D2                
1 32252U 07044A   10088.52807580 -.00000201  00000-0  10000-3 0  4725
2 32252   0.0243 141.9802 0003275 226.7923 160.1374  1.00270927  9131
INTELSAT 11 (IS-11)     
1 32253U 07044B   10087.84603784 -.00000286  00000-0  00000+0 0  3480
2 32253   0.0099 175.2072 0002790 187.2175  85.2770  1.00271568  9129
STAR ONE C1             
1 32293U 07056A   10088.09580997 -.00000294  00000-0  10000-3 0  3603
2 32293   0.0637  83.9378 0002225 283.0554 148.8784  1.00269967  8753
SKYNET 5B               
1 32294U 07056B   10088.73376758  .00000082  00000-0  10000-3 0  4507
2 32294   0.0618 354.0522 0003506  11.5459 138.2866  1.00273096  8849
SIRIUS 4                
1 32299U 07057A   10085.10996023  .00000015  00000-0  10000-3 0  3251
2 32299   0.0189 192.8573 0001827 172.8895 222.0550  1.00270613  8653
RADUGA-1M 1             
1 32373U 07058A   10086.88695802 -.00000057  00000-0  10000-3 0  6599
2 32373   0.0150 208.2957 0002857 189.6259 176.5738  1.00271825  9317
RASCOM-QAF 1            
1 32387U 07063A   10086.04754384  .00000001  00000-0  10000-3 0  2908
2 32387   0.0470  79.1364 0001264 332.7974 152.3994  1.00273203  8766
HORIZONS-2              
1 32388U 07063B   10086.46937850 -.00000271  00000-0  10000-3 0  3536
2 32388   0.0024 117.9702 0001969 241.3527 280.3564  1.00273349  8452
THURAYA-3               
1 32404U 08001A   10087.31860594 -.00000326  00000-0  10000-3 0  4041
2 32404   5.3870 332.7607 0004844  34.3086  31.8602  1.00271383  8126
EXPRESS-AM 33           
1 32478U 08003A   10088.35130138 -.00000298  00000-0  10000-3 0  5749
2 32478   0.0393 314.2247 0001973 139.5629 315.8009  1.00269674  8244
THOR 5                  
1 32487U 08006A   10088.09745763 -.00000027  00000-0  10000-3 0  3130
2 32487   0.0099 217.4136 0002264 150.1833 213.1077  1.00272003  7781
KIZUNA (WINDS)          
1 32500U 08007A   10088.67251169 -.00000276  00000-0  10000-3 0  2745
2 32500   0.0281 279.2683 0002424  76.9514 215.8261  1.00271455  7720
AMC-14                  
1 32708U 08011A   10086.90471094  .00000159  00000-0  10000-3 0  5781
2 32708  13.8613 111.5944 0050214 354.1387  79.6518  1.00270720  8757
DIRECTV 11              
1 32729U 08013A   10088.72934708 -.00000143  00000-0  10000-3 0  3922
2 32729   0.0230 349.2906 0000277 270.9353  90.1060  1.00271189  7538
ICO G1                  
1 32763U 08016A   10086.22451686 -.00000194  00000-0  10000-3 0  4090
2 32763   5.2335 331.0519 0003654  37.7769 163.6608  1.00271218  7177
VINASAT-1               
1 32767U 08018A   10088.72912166 -.00000346  00000-0  10000-3 0  3715
2 32767   0.0318 336.5013 0001418  43.4160 201.5055  1.00270816  7215
STAR ONE C2             
1 32768U 08018B   10086.36270477 -.00000282  00000-0  10000-3 0  3120
2 32768   0.0201 222.3013 0001827 149.0498 233.8682  1.00269405  7227
TIANLIAN I (CTDRS-1)    
1 32779U 08019A   10089.00655696 -.00000124  00000-0  10000-3 0  5764
2 32779   0.0538  39.8583 0003357  25.4137 201.4337  1.00271529  7073
AMOS 3                  
1 32794U 08022A   10088.09737840 -.00000053  00000-0  10000-3 0  2505
2 32794   0.0171 147.2921 0002428 174.0336 256.0782  1.00269545  7045
GALAXY 18 (G-18)        
1 32951U 08024A   10088.51260005  .00000008  00000-0  10000-3 0  2861
2 32951   0.0118 159.8933 0003090 199.9211 248.5058  1.00272636  6818
CHINASAT 9              
1 33051U 08028A   10088.58872750 -.00000265  00000-0  10000-3 0  5139
2 33051   0.0161 138.3708 0006840 234.6681 117.9758  1.00271165  6636
SKYNET 5C               
1 33055U 08030A   10086.07702410 -.00000157  00000-0  10000-3 0  2422
2 33055   0.1743 172.1533 0003545 180.7079 201.4552  1.00273215  6606
TURKSAT 3A              
1 33056U 08030B   10088.77514472  .00000129  00000-0  10000-3 0  3048
2 33056   0.0298 145.8241 0005198 147.6591 214.6592  1.00274555  6687
COSMOS 2440             
1 33108U 08033A   10088.61630095 -.00000156  00000-0  10000-3 0  4875
2 33108   0.8719 301.3302 0004320  77.4093 110.1543  1.00267310  6419
INTELSAT 25 (IS-25)     
1 33153U 08034A   10085.86258419 -.00000241  00000-0  00000+0 0  3640
2 33153   0.0511 349.5914 0001759  70.0275  43.6295  1.00274405  6325
BADR-6                  
1 33154U 08034B   10088.09809133  .00000127  00000-0  10000-3 0  2909
2 33154   0.0525 325.3211 0006065  12.3265 270.0288  1.00272829  6366
ECHOSTAR 11             
1 33207U 08035A   10088.46866291 -.00000074  00000-0  10000-3 0  3585
2 33207   0.0332  65.0291 0003006 309.2090 231.2156  1.00271468  6252
SUPERBIRD-C2            
1 33274U 08038A   10088.66602200 -.00000268  00000-0  10000-3 0  3677
2 33274   0.0009  93.9949 0001559 250.0962 226.5478  1.00272220  5989
AMC-21                  
1 33275U 08038B   10088.44629058  .00000019  00000-0  10000-3 0  2946
2 33275   0.0154 135.8615 0002607 229.8175 216.7893  1.00272861  6076
INMARSAT 4-F3           
1 33278U 08039A   10088.13229007 -.00000161  00000-0  10000-3 0  6039
2 33278   3.0055 335.4347 0002575  31.9703 128.9756  1.00271127  5935
NIMIQ 4                 
1 33373U 08044A   10086.28553183 -.00000238  00000-0  00000+0 0  2317
2 33373   0.0095 213.5621 0002385 150.2125 201.5980  1.00270840  5595
GALAXY 19 (G-19)        
1 33376U 08045A   10087.45162809 -.00000157  00000-0  10000-3 0  2812
2 33376   0.0135 187.0836 0003103 168.7227 255.4416  1.00272727  5556
VENESAT-1               
1 33414U 08055A   10088.68867868 -.00000255  00000-0  00000+0 0  3713
2 33414   0.0334 320.1659 0001723  39.2422 357.4708  1.00270115  5262
ASTRA 1M                
1 33436U 08057A   10085.00000000  .00000104  00000-0  00000+0 0  1472
2 33436   0.0800 189.1030 0001000 203.9120 169.5270  1.00271401  5101
CIEL-2                  
1 33453U 08063A   10086.52230712  .00000040  00000-0  10000-3 0  2623
2 33453   0.0153 161.9678 0003128 207.5109 234.5286  1.00273205  4751
HOT BIRD 9              
1 33459U 08065A   10088.78496495  .00000070  00000-0  10000-3 0  2233
2 33459   0.0698  60.6903 0004492 342.7300  79.1969  1.00272062  4859
EUTELSAT W2M            
1 33460U 08065B   10085.93117350  .00000085  00000-0  00000+0 0  2128
2 33460   0.0564   4.0809 0001629 169.2714   1.9178  1.00275062  4689
FENGYUN 2E              
1 33463U 08066A   10086.88345537 -.00000349  00000-0  10000-3 0  3622
2 33463   1.5946 288.6510 0002183 246.7820  72.0594  1.00265228  4680
EXPRESS-AM 44           
1 33595U 09007A   10088.09720413 -.00000107  00000-0  10000-3 0  2765
2 33595   0.0363 337.1120 0001341  97.3279 135.9303  1.00271848  4168
EXPRESS-MD1             
1 33596U 09007B   10086.80483649 -.00000155  00000-0  10000-3 0  3012
2 33596   0.0071 222.1494 0002583 140.8389 191.9629  1.00271537  4187
NSS-9                   
1 33749U 09008A   10088.30547723  .00000054  00000-0  00000+0 0  2015
2 33749   0.0197 127.9627 0002198 246.5968 104.9658  1.00272828  4163
ATLANTIC BIRD 4A        
1 33750U 09008B   10088.09729919 -.00000078  00000-0  10000-3 0  2463
2 33750   0.0705 349.3153 0001894  18.5089 206.2749  1.00272514  4199
TELSTAR 11N             
1 34111U 09009A   10088.78663794 -.00000268  00000-0  10000-3 0  1448
2 34111   0.0366 179.5994 0002667 182.7168  70.3640  1.00270173  4022
RADUGA-1 8              
1 34264U 09010A   10088.07222845  .00000064  00000-0  10000-3 0  2960
2 34264   0.8888 186.6502 0001001 237.7188 159.8294  1.00266622  3948
EUTELSAT W2A            
1 34710U 09016A   10088.09771903  .00000051  00000-0  10000-3 0  1503
2 34710   0.0563 354.6454 0004340   3.1256 233.7741  1.00273290  3666
BEIDOU G2               
1 34779U 09018A   10088.73656148 -.00000006  00000-0  10000-3 0  2517
2 34779   0.1494 289.0080 0003071  21.7327 206.1282  1.00263909  3699
SICRAL 1B               
1 34810U 09020A   10086.04254250  .00000062  00000-0  10000-3 0  1459
2 34810   0.0453  27.5218 0004829 336.6226 207.3406  1.00269667  3503
PROTOSTAR 2             
1 34941U 09027A   10088.78208402 -.00000359  00000-0  10000-3 0  1384
2 34941   0.0094 134.8955 0001072 253.4521 187.6144  1.00272830  3235
MEASAT 3A               
1 35362U 09032A   10088.58873172 -.00000259  00000-0  10000-3 0  1567
2 35362   0.0142 249.7747 0001981  77.6587 162.8699  1.00272067  2847
GOES 14                 
1 35491U 09033A   10087.24079412 -.00000110  00000-0  10000-3 0  4062
2 35491   0.1490 259.1186 0002765 122.6386 145.9304  1.00272377  2779
SIRIUS FM-5             
1 35493U 09034A   10087.22993969 -.00000163  00000-0  00000+0 0  1346
2 35493   0.0057 254.6435 0002711 111.5854 166.0686  1.00271467  2758
TERRESTAR-1             
1 35496U 09035A   10087.56530300 -.00000083  00000-0  10000-3 0  1642
2 35496   5.5779 319.7198 0003430  50.4088 268.2118  1.00272124  2767
ASIASAT 5               
1 35696U 09042A   10088.65265752 -.00000324  00000-0  10000-3 0  1827
2 35696   0.0226 319.7317 0000979 346.8095 215.8224  1.00268549  2317
JCSAT-RA (JCSAT-12)     
1 35755U 09044A   10087.20754334 -.00000363  00000-0  10000-3 0  1322
2 35755   0.0838  74.1042 0001677 257.9213  56.1070  1.00269218  2251
OPTUS D3                
1 35756U 09044B   10088.31189663 -.00000165  00000-0  10000-3 0  1312
2 35756   0.0638   8.8603 0004267 352.3134  93.7114  1.00271486  2242
PALAPA D                
1 35812U 09046A   10088.61787863 -.00000375  00000-0  10000-3 0  1319
2 35812   0.0289 114.1885 0001908 284.9132 123.1819  1.00269315  2289
NIMIQ 5                 
1 35873U 09050A   10088.37461431 -.00000274  00000-0  10000-3 0   861
2 35873   0.0228 117.8138 0002758 241.4269 249.5645  1.00270996  1964
AMAZONAS 2              
1 35942U 09054A   10088.08093545 -.00000300  00000-0  00000+0 0  1313
2 35942   0.0389 141.1274 0004082   0.6251  12.7792  1.00269981  1817
COMSATBW-1              
1 35943U 09054B   10086.85288226  .00000007  00000-0  10000-3 0  1025
2 35943   0.0103 143.0859 0002742 212.1455 199.9391  1.00271196  1846
NSS-12                  
1 36032U 09058A   10088.78056766  .00000054  00000-0  10000-3 0   813
2 36032   0.0200 134.4888 0002492 232.6534 157.9089  1.00273062  1557
THOR 6                  
1 36033U 09058B   10088.05915764 -.00000027  00000-0  10000-3 0   727
2 36033   0.0071 167.7202 0002474 222.9625 176.1374  1.00273880  1565
INTELSAT 14 (IS-14)     
1 36097U 09064A   10086.18313506 -.00000291  00000-0  00000+0 0   641
2 36097   0.0071 219.3558 0001976 139.3893 206.6827  1.00271904  1283
EUTELSAT W7             
1 36101U 09065A   10088.80103919  .00000138  00000-0  10000-3 0   514
2 36101   0.0358 359.0368 0003866   7.9998 144.3082  1.00274011  1412
INTELSAT 15 (IS-15)     
1 36106U 09067A   10088.59617455 -.00000202  00000-0  00000+0 0   611
2 36106   0.0258 117.2813 0002404 227.8613 141.5008  1.00270831  1209
DIRECTV 12              
1 36131U 09075A   10089.09558177 -.00000262  00000-0  99999-4 0  1290
2 36131   0.0532   1.8181 0001397  60.6696  83.2243  1.00270577   997
BEIDOU G1               
1 36287U 10001A   10088.66953502 -.00000270  00000-0  10000-3 0   626
2 36287   1.7516 321.1850 0003064  15.4051 235.9029  1.00270321   801
RADUGA-1M 2             
1 36358U 10002A   10086.88828637 -.00000202  00000-0  10000-3 0   454
2 36358   0.0361 344.3956 0002983  81.2159 164.3608  1.00270015   597
INTELSAT 16 (IS-16)     
1 36397U 10006A   10088.37496285 -.00000302  00000-0  00000+0 0   497
2 36397   0.0427  11.1293 0001116  72.9163 179.5152  1.00270088   441
