COSMOS 2361             
1 25590U 98076A   10088.16469003  .00000072  00000-0  61292-4 0  3040
2 25590  82.9281 264.5252 0032164  15.0345 345.1756 13.72717287564127
COSMOS 2378             
1 26818U 01023A   10088.65258681  .00000016  00000-0  12641-5 0  2909
2 26818  82.9248 290.5286 0032675 339.3148  20.6689 13.73742183441522
COSMOS 2389             
1 27436U 02026A   10089.15069912  .00000049  00000-0  35905-4 0   296
2 27436  82.9473 231.1016 0045154 222.7796 136.9840 13.74740795393266
COSMOS 2398             
1 27818U 03023A   10088.74638524  .00000022  00000-0  71650-5 0  8784
2 27818  82.9509 178.5720 0030640 198.9272 161.0746 13.71963162341408
COSMOS 2407             
1 28380U 04028A   10088.22667389  .00000020  00000-0  49091-5 0  6969
2 28380  82.9609 139.9296 0037535 254.4076 105.2937 13.75851457285386
COSMOS 2414             
1 28521U 05002A   10088.76895298 -.00000062  00000-0 -65620-4 0  6244
2 28521  82.9505 201.3154 0038862 292.8064  66.9001 13.87355989262698
COSMOS 2429             
1 32052U 07038A   10088.50288782  .00000004  00000-0 -11871-4 0  8050
2 32052  82.9752 249.8195 0037486 210.1753 149.7240 13.74701460127765
COSMOS 2454             
1 35635U 09039A   10088.41353118  .00000138  00000-0  10000-3 0  2399
2 35635  82.9566 196.2588 0017874 284.3408  75.5753 13.89390133 34880
