CALSPHERE 1             
1 00900U 64063C   10088.69336948  .00000229  00000-0  24635-3 0   473
2 00900  90.1558 331.8308 0029691  95.8962 264.5591 13.70574857258577
CALSPHERE 2             
1 00902U 64063E   10088.73369446  .00000075  00000-0  10000-3 0  3135
2 00902  90.1577 334.6841 0018952 134.1310 226.1385 13.52473873 55964
LCS 1                   
1 01361U 65034C   10087.80706529  .00000009  00000-0  10000-3 0  1784
2 01361  32.1363 203.3050 0011481 294.6170  65.3132  9.89278268623547
TEMPSAT 1               
1 01512U 65065E   10087.58983494  .00000059  00000-0  10000-3 0  3618
2 01512  89.7968 294.9999 0069129 323.7638  35.8828 13.33266189170529
CALSPHERE 4(A)          
1 01520U 65065H   10089.08148497  .00000059  00000-0  10000-3 0  5230
2 01520  90.1735  88.3780 0068399 241.4937 117.9307 13.35335161172407
OPS 5712 (P/L 160)      
1 02826U 67053A   10088.38181520  .00000771  00000-0  27143-3 0  9786
2 02826  69.9322 232.3459 0006039 135.1256 225.0366 14.38513015208308
OPS 5712 (P/L 153)      
1 02874U 67053H   10088.83064293 -.00000005  00000-0  35012-4 0  3775
2 02874  69.9715 200.6162 0008770 306.8471  53.1825 13.95939352180404
SURCAL 150B             
1 02909U 67053J   10088.09253309  .00000814  00000-0  24127-3 0  1599
2 02909  69.9554  39.6118 0006943 263.2541  96.7781 14.46781482214171
RIGIDSPHERE 2 (LCS 4)   
1 05398U 71067E   10088.87221946  .00000153  00000-0  50196-4 0  8164
2 05398  87.6335 171.1669 0063786 319.0765  40.5658 14.31233890 25426
RADCAT                  
1 06212U 72076A   10088.81570982  .00005007  00000-0  17429-3 0  9763
2 06212  98.5656 145.8095 0004411  99.0321 261.1410 15.30272232166531
