MACSAT 2 (M 2)          
1 20608U 90043B   10089.03791368  .00000267  00000-0  37119-4 0  9739
2 20608  89.7278  72.6357 0094058 337.8275  21.8893 14.72030640 65403
TUBSAT A                
1 21577U 91050D   10089.04986445  .00000029  00000-0  23893-4 0  7274
2 21577  98.5027  37.6705 0005363 275.0449  85.0132 14.38558199981304
S80/T                   
1 22078U 92052C   10088.45549591 -.00000037  00000-0  10000-3 0  8394
2 22078  66.0842  82.4276 0009239 201.9270 158.1351 12.86729906828440
HEALTHSAT 1             
1 22827U 93061E   10088.76444876 -.00000015  00000-0  10724-4 0  5006
2 22827  98.4679  40.7656 0009985 111.8392 248.3856 14.30196069861044
TUBSAT B                
1 22970U 94003B   10088.11697791  .00000051  00000-0  10000-3 0  2953
2 22970  82.5609 308.5570 0014697 254.7550 105.1946 13.16915909777488
CERISE                  
1 23606U 95033B   10088.12076119  .00000216  00000-0  32208-4 0   563
2 23606  98.2721 223.9672 0005237 262.5999  97.4623 14.85034626794154
UPM/LBSAT               
1 23607U 95033C   10088.45014173  .00000339  00000-0  58467-4 0  3465
2 23607  98.1732 182.2618 0007098  69.7754 290.4224 14.74815237791091
FAISAT 2V               
1 24954U 97052B   10089.16035126  .00000048  00000-0  30886-4 0  7886
2 24954  82.9205 101.3136 0041315  47.6650 312.7995 13.79664366630106
MUBLCOM                 
1 25736U 99026B   10088.81652142  .00000323  00000-0  10430-3 0  9848
2 25736  97.7729   0.7353 0004497 260.5480  99.5201 14.44667495572036
RUBIN-3 & SL-8 R/B      
1 27561U 02054C   10088.69790459  .00000090  00000-0  31308-4 0  9390
2 27561  97.9387 274.3778 0048770  74.1203 286.5364 14.53802630388990
APRIZESAT 2             
1 28366U 04025A   10088.90747477  .00000039  00000-0  26319-4 0  5979
2 28366  98.1123  73.4264 0109992  28.7654 331.9545 14.35602824301222
SAUDICOMSAT 1           
1 28369U 04025D   10087.10382208 -.00000043  00000-0 -12000-6 0  6343
2 28369  97.9884 116.5931 0033106 254.3872 105.3681 14.50675852304111
SAUDICOMSAT 2           
1 28370U 04025E   10088.72480638 -.00000079  00000-0 -99877-5 0  6334
2 28370  98.0110 101.7798 0058073 291.5439  67.9533 14.45773407303326
APRIZESAT 1             
1 28372U 04025G   10089.07024060  .00000147  00000-0  50293-4 0  6161
2 28372  97.9933 109.6559 0046134 269.1763  90.4135 14.48199412303877
NANOSAT-1               
1 28493U 04049B   10088.45948366  .00000184  00000-0  39012-4 0  5937
2 28493  98.3062  59.1855 0005920  75.8978 284.2873 14.70387258283089
SAUDICOMSAT 7           
1 31119U 07012C   10088.16436001  .00000387  00000-0  88724-4 0  8959
2 31119  97.9521 144.5464 0063373  84.7634 276.0772 14.59492136157066
SAUDICOMSAT 6           
1 31121U 07012E   10088.61604999  .00000367  00000-0  89075-4 0  8975
2 31121  97.9484 139.5898 0080308  98.8913 262.1374 14.56363718156800
SAUDICOMSAT 5           
1 31124U 07012H   10088.64530386  .00000401  00000-0  89121-4 0  9038
2 31124  97.9561 147.9502 0054827  75.4302 285.2950 14.61078979157304
SAUDICOMSAT 3           
1 31125U 07012J   10088.73765071  .00000411  00000-0  88749-4 0  9104
2 31125  97.9602 150.7948 0046311  68.1437 292.4665 14.62614693157486
SAUDICOMSAT 4           
1 31127U 07012L   10088.63980745  .00000381  00000-0  89803-4 0  9021
2 31127  97.9508 142.4788 0071514  90.6100 270.3281 14.58014172156976
APRIZESAT 4             
1 35684U 09041D   10088.31250650  .00000268  00000-0  46099-4 0  2204
2 35684  98.1099 348.7640 0049126 300.7600  58.8746 14.76061507 35782
APRIZESAT 3             
1 35686U 09041F   10088.46895181 -.00000236  00000-0 -20500-4 0  2123
2 35686  98.1099 351.4108 0078657 297.3034  62.0174 14.82545940 35964
