DTUSAT                  
1 27842U 03031C   08205.55266364  .00000017  00000-0  28194-4 0  3363
2 27842  98.7096 214.3069 0009667 357.9138   2.1995 14.20939520262677
CUTE-1 (CO-55)          
1 27844U 03031E   08204.58289869  .00000011  00000-0  25663-4 0  3566
2 27844  98.7151 212.3569 0010590  19.7852 340.3726 14.20588590262460
QUAKESAT                
1 27845U 03031F   08204.58662248  .00000036  00000-0  37145-4 0  3366
2 27845  98.7205 211.7376 0009866  35.4392 324.7429 14.20207258262384
AAU CUBESAT             
1 27846U 03031G   08205.55240941  .00000014  00000-0  26758-4 0  2797
2 27846  98.7094 214.3009 0009876 357.4288   2.6832 14.20940499262678
CANX-1                  
1 27847U 03031H   08204.57146965 -.00000007  00000-0  16832-4 0  2919
2 27847  98.7099 213.3295 0009625   0.1224 359.9963 14.20926122262483
CUBESAT XI-IV (CO-57)   
1 27848U 03031J   08205.50150538  .00000003  00000-0  21974-4 0  3071
2 27848  98.7153 212.3512 0010531  19.5291 340.6284 14.20397260262569
UWE-1                   
1 28892U 05043C   08205.75854053  .00000092  00000-0  29019-4 0  1047
2 28892  98.0908  98.5183 0016326 297.0626  62.8912 14.59646762145939
CUBESAT XI-V (CO-58)    
1 28895U 05043F   08205.24565419  .00000117  00000-0  34162-4 0   760
2 28895  98.0937  98.3934 0016903 299.0994  60.8517 14.59684749145742
NCUBE-2                 
1 28897U 05043H   08205.27450199  .00000073  00000-0  24953-4 0  6071
2 28897  98.0920  98.3494 0016453 300.7412  59.2168 14.59856041138036
CUTE-1.7+APD (CO-56)    
1 28941U 06005C   08205.87473038  .00011348  26194-5  86404-4 0  2331
2 28941  98.1098 321.6530 0160255 267.5337  90.7564 15.58324758135753
GENESAT-1               
1 29655U 06058C   08205.86635748  .00004803  00000-0  62840-4 0  4699
2 29655  40.0267  69.9439 0005699 345.0725  14.9922 15.59228032 91119
CSTB1                   
1 31122U 07012F   08205.05624307  .00000550  00000-0  13192-3 0  3938
2 31122  98.0418 269.3175 0085030 216.5084 143.0258 14.55144558 67295
MAST                    
1 31126U 07012K   08205.03974089  .00000057  00000-0  23808-4 0  3810
2 31126  98.0362 268.0388 0094076 220.2036 139.2165 14.53435896 67221
LIBERTAD-1              
1 31128U 07012M   08205.85905154 -.00000048  00000-0  00000+0 0  3870
2 31128  98.0358 267.7456 0102084 220.6986 138.6544 14.51961637 67259
POLYSAT CP3             
1 31129U 07012N   08206.17559712  .00000338  00000-0  89029-4 0  1447
2 31129  98.0375 268.0986 0101864 219.5486 139.8237 14.52054479 67281
CAPE1                   
1 31130U 07012P   08205.57778427  .00000100  00000-0  34115-4 0  3601
2 31130  98.0375 267.4813 0101927 221.5753 137.7654 14.51978348 67004
POLYSAT CP4             
1 31132U 07012Q   08205.19237375  .00000152  00000-0  44138-4 0  3684
2 31132  98.0396 269.4292 0085052 215.9631 143.5829 14.55131141 67188
NTS (CANX-6)            
1 32784U 08021B   08205.34864217  .00000264  00000-0  41049-4 0  1081
2 32784  97.9907 265.1414 0016488  17.0164 343.1596 14.80955463 12757
CUTE-1.7+APD II         
1 32785U 08021C   08206.20221797  .00000293  00000-0  44291-4 0  1105
2 32785  97.9925 266.0309 0015647  20.0513 340.1310 14.81378390 12883
COMPASS-1               
1 32787U 08021E   08205.32108240  .00000037  00000-0  11663-4 0  1008
2 32787  97.9876 265.1088 0016389  24.3405 335.8577 14.81436392 12754
AAUSAT-II               
1 32788U 08021F   08205.17971341 -.00000058  00000-0 -50480-6 0  1009
2 32788  97.9873 264.9790 0016332  28.2779 331.9331 14.81545448 12730
DELFI-C3                
1 32789U 08021G   08205.38959229  .00000203  00000-0  32845-4 0  1096
2 32789  97.9902 265.2068 0016325  23.6696 336.5271 14.81433640 12762
CANX-2                  
1 32790U 08021H   08206.13472184  .00000181  00000-0  30066-4 0   954
2 32790  97.9914 265.9575 0016353  20.4737 339.7131 14.81371539 12857
SEEDS II                
1 32791U 08021J   08205.86961508  .00000107  00000-0  20666-4 0   983
2 32791  97.9889 265.6680 0016940  19.9017 340.2856 14.81294421 12809
PSLV DEB                
1 32797U 08021L   08206.11560633  .00001534  00000-0  20042-3 0   502
2 32797  97.9951 265.9989 0017301  28.5040 331.7115 14.81864779 11557
