ALSAT 1                 
1 27559U 02054A   09092.21124143  .00000048  00000-0  18176-4 0  1987
2 27559  97.9563 329.3914 0010072 320.8797  39.1677 14.63008317338589
NIGERIASAT 1            
1 27941U 03042C   09092.02467849  .00000011  00000-0  10958-4 0  2950
2 27941  97.9564 329.5292 0012015  23.5099 336.6659 14.63009727294400
UK-DMC                  
1 27942U 03042D   09092.05701512  .00000004  00000-0  96719-5 0  2808
2 27942  97.9553 329.3267 0011821  31.0919 329.0988 14.63007090294400
BILSAT 1                
1 27943U 03042E   09092.37517284  .00000020  00000-0  12848-4 0  1329
2 27943  97.9553 329.4238 0012203  20.0000 340.1674 14.62901404294445
BEIJING 1               
1 28890U 05043A   09092.15110404  .00000020  00000-0  13669-4 0   100
2 28890  98.0632 344.8603 0014561 221.3428 138.6676 14.60055490182815
HJ-1A                   
1 33320U 08041A   09092.02175999  .00000079  00000-0  19249-4 0  6347
2 33320  97.9860 168.6222 0024344 328.9049  31.0721 14.75130597 30662
HJ-1B                   
1 33321U 08041B   09092.19115705  .00000033  00000-0  12683-4 0  6452
2 33321  97.9876 168.7521 0042908 339.4028  20.5457 14.75133256 30678
YAOGAN 4                
1 33446U 08061A   09092.42523079 -.00000050  00000-0  00000+0 0  3761
2 33446  97.9059 175.0679 0012542 273.5865  86.3905 14.75709467 18028
YAOGAN 5                
1 33456U 08064A   09092.20695508  .00000484  00000-0  22308-4 0  3476
2 33456  97.3785 168.3814 0005170 288.2376 152.9616 15.24892088 16477
