SAUDISAT 1A             
1 26545U 00057A   08218.91483257 -.00000045  00000-0  13132-4 0   335
2 26545  64.5583   8.9800 0034581 328.3737  31.5317 14.80521360424521
UNISAT                  
1 26547U 00057C   08218.91514534 -.00000008  00000-0  17565-4 0   546
2 26547  64.5582 356.8467 0035850 339.0745  20.8903 14.82260216424786
SAUDISAT 1B             
1 26549U 00057E   08219.51243312 -.00000097  00000-0  65192-5 0  1109
2 26549  64.5586  22.0443 0035994 336.0784  23.8621 14.79379283424317
MOZHAYETS               
1 27560U 02054B   08218.61954412 -.00000094  00000-0 -11468-4 0  7315
2 27560  97.9654  70.7561 0043976 113.3900 247.1918 14.54978252300860
SAUDISAT 1C             
1 27607U 02058C   08218.69073792 -.00000033  00000-0  17211-4 0  6696
2 27607  64.5584 263.2970 0086407 269.8613  89.2604 14.71372025302258
UNISAT 2                
1 27608U 02058D   08218.50364198 -.00000101  00000-0  66223-5 0  6852
2 27608  64.5564 233.8002 0069815 263.1065  96.2087 14.74359824302852
SAUDISAT 2              
1 28371U 04025F   08219.82585107 -.00000014  00000-0  72659-5 0  6647
2 28371  98.0714 271.7773 0025341 302.5167  57.3574 14.52898195217727
UNISAT 3                
1 28373U 04025H   08219.04956655  .00000055  00000-0  28301-4 0  1703
2 28373  98.0653 247.2691 0071012 346.1733  13.7522 14.43281586216680
SSETI EXPRESS (XO-53)   
1 28894U 05043E   08218.87258610  .00000015  00000-0  12827-4 0  2295
2 28894  98.0904 111.5653 0016544 256.5668 103.3685 14.59628430147856
SAUDISAT 3              
1 31118U 07012B   08219.80170572 -.00000032  00000-0  29198-5 0  4786
2 31118  98.0484 293.3268 0015904 147.7081 212.5100 14.67994056 70053
