LES 9                   
1 08747U 76023B   09011.31127554 -.00000088  00000-0  10000-3 0  2065
2 08747  10.7630 152.9146 0022207 317.3413   9.5898  1.00267405 65845
MARISAT 2               
1 09478U 76101A   09004.56881517 -.00000045  00000-0  10000-3 0   981
2 09478  13.2130 356.9367 0100921 196.9014 162.7855  0.97590151 61291
GOES 3                  
1 10953U 78062A   09010.97834281 -.00000139  00000-0  10000-3 0  3636
2 10953  14.3052   1.3514 0003220 286.6259  73.3640  1.00272535 65092
ESIAFI 1 (COMSTAR 4)    
1 12309U 81018A   09010.50156405 -.00000165  00000-0  10000-3 0  1886
2 12309  13.8034  11.4829 0007567 262.8932  97.0484  1.00270707103615
SATCOM C5               
1 13631U 82105A   09011.07615475 -.00000110  00000-0  10000-3 0  5786
2 13631  12.2694  32.9988 0008569 241.3240 118.6248  1.00273267 62548
TDRS 1                  
1 13969U 83026B   09011.31828339 -.00000303  00000-0  10000-3 0  7905
2 13969  13.2182  10.4636 0026418 236.2621 289.9699  1.00269719 67426
GSTAR 1                 
1 15677U 85035A   09011.13072473 -.00000101  00000-0  10000-3 0   960
2 15677  10.3382  52.5796 0009209 243.3236 116.5977  1.00272475 61407
INTELSAT 511            
1 15873U 85055A   09010.28868787  .00000049  00000-0  10000-3 0  3431
2 15873  11.7101  40.7175 0015798 265.7178  94.1261  1.00113452 60801
GOES 7                  
1 17561U 87022A   09011.28015039  .00000053  00000-0  10000-3 0  7752
2 17561  11.8176  38.8055 0002476 183.2797 173.3999  1.00282733 63333
GSTAR 3                 
1 19483U 88081A   09010.05060352 -.00000110  00000-0  10000-3 0  1664
2 19483  14.1134  22.4570 0005819 310.9512  49.0285  1.00272809 70773
TDRS 3                  
1 19548U 88091B   09010.79714359 -.00000198  00000-0  10000-3 0  1825
2 19548  11.5341  41.4788 0022351 299.0716 141.7495  1.00272302 61569
ASTRA 1A                
1 19688U 88109B   09009.83151912 -.00000125  00000-0  10000-3 0  5232
2 19688   7.2259  66.2252 0014466 288.5645  71.2109  0.98337781 53498
TDRS 4                  
1 19883U 89021B   09011.30257715 -.00000287  00000-0  10000-3 0  4986
2 19883  10.1536  53.6000 0004127 241.6791 238.4198  1.00263140245143
INTELSAT 602 (IS-602)   
1 20315U 89087A   09010.48909547  .00000032  00000-0  10000-3 0  8223
2 20315   6.5196  68.1442 0001594 219.9984 175.8972  1.00272866 68146
LEASAT 5                
1 20410U 90002B   09009.98953670 -.00000312  00000-0  10000-3 0   478
2 20410   8.0345  36.2040 0000157 294.9595 234.7298  1.00269940 54858
INTELSAT 603 (IS-603)   
1 20523U 90021A   09011.28675063 -.00000161  00000-0  10000-3 0  3999
2 20523   6.0018  69.6905 0002003 220.4315 264.0397  1.00270139 61906
ASIASAT 1               
1 20558U 90030A   09010.71053452  .00000092  00000-0  10000-3 0  6463
2 20558   8.6747  62.1983 0006118 202.9269 157.0220  0.99240751 68513
INSAT-1D                
1 20643U 90051A   09010.66332663 -.00000042  00000-0  10000-3 0  1066
2 20643   9.4342  58.1500 0011866  36.9590 323.1136  1.00277784 54916
COSMOS 2085             
1 20693U 90061A   09010.57537872 -.00000153  00000-0  10000-3 0  8948
2 20693  11.8546  37.2563 0004917 243.8739 116.1043  1.00274979 67660
SKYNET 4C               
1 20776U 90079A   09010.86788163  .00000073  00000-0  00000+0 0  8699
2 20776   9.5150  48.8867 0003824 244.0526 143.1794  1.00274551 67114
EUTELSAT 2-F1           
1 20777U 90079B   09009.06230734 -.00000164  00000-0  10000-3 0  8378
2 20777   8.8672  61.2762 0005898 166.1688 193.8077  0.99345313 47504
SBS-6                   
1 20872U 90091A   09010.08009539 -.00000222  00000-0  10000-3 0    39
2 20872   1.3914  81.2430 0001594 205.7031 130.7111  1.00270041 55205
GALAXY 6                
1 20873U 90091B   09011.27351782  .00000113  00000-0  10000-3 0  2278
2 20873   5.7866  70.5792 0002121 154.6540 205.2711  0.99759744 61284
INMARSAT 2-F1           
1 20918U 90093A   09010.49851819  .00000107  00000-0  10000-3 0  2193
2 20918   6.2472  56.5432 0003336 242.9911 208.0808  1.00267340 63098
GSTAR 4                 
1 20946U 90100B   09010.67960071  .00000053  00000-0  10000-3 0  2341
2 20946   5.9751  70.4218 0006735 176.9497 182.9516  0.99139346 61177
COSMOS 2133             
1 21111U 91010A   09008.62274111 -.00000058  00000-0  10000-3 0   997
2 21111  10.9453  43.4573 0003289 288.0972  71.8727  1.00280772 65587
INMARSAT 2-F2           
1 21149U 91018A   09009.53852321 -.00000135  00000-0  10000-3 0  3362
2 21149   5.5597  56.7246 0004029 219.7170 288.5818  1.00270644 65377
TDRS 5                  
1 21639U 91054B   09010.26561404  .00000103  00000-0  10000-3 0  3765
2 21639   9.4937  57.4790 0004886 269.3808  70.9783  1.00274909 63879
INTELSAT 605 (IS-605)   
1 21653U 91055A   09010.39418631  .00000008  00000-0  10000-3 0  7273
2 21653   4.0379  74.5006 0001045 196.8041 154.6346  1.00273561 63725
ANIK E1                 
1 21726U 91067A   09011.21779481  .00000065  00000-0  10000-3 0  1000
2 21726   5.3713  72.6089 0008926 184.8813 175.0010  0.99167256 54142
INTELSAT 601 (IS-601)   
1 21765U 91075A   09009.98542247  .00000126  00000-0  10000-3 0  7050
2 21765   4.0910  74.3287 0004175 285.9989 151.5181  1.00273065 62830
EUTELSAT 2-F3           
1 21803U 91083A   09011.48903913  .00000077  00000-0  10000-3 0  6471
2 21803   8.0396  64.3606 0004906 210.2967 248.5956  0.99293587 58456
GALAXY 5                
1 21906U 92013A   09010.50685771 -.00000309  00000-0  10000-3 0  8572
2 21906   3.8357  75.5256 0013563 264.4786  95.1524  0.99291650 53196
INMARSAT 2-F4           
1 21940U 92021B   09010.88180846 -.00000353  00000-0  10000-3 0   473
2 21940   4.2023  50.3025 0002367 240.9370 245.7368  1.00268461 61276
EUTELSAT 2-F4           
1 22028U 92041B   09010.56633070 -.00000181  00000-0  10000-3 0  1188
2 22028   7.2289  67.6185 0006000 130.0795 229.9114  0.99078120 53156
SATCOM C3               
1 22117U 92060B   09011.20538927 -.00000237  00000-0  10000-3 0   535
2 22117   3.9922  74.4615 0002122 247.8694 143.3804  1.00271406 59800
HELLAS SAT 1 (DFS 3)    
1 22175U 92066A   09010.43955704 -.00000217  00000-0  10000-3 0  3255
2 22175   6.5196  68.4352 0005103 217.5206 142.3661  0.99738319 57101
GORIZONT 27             
1 22245U 92082A   09010.33497940 -.00000001  00000-0  10000-3 0  4110
2 22245  10.9403  46.5360 0016760 216.1921 143.7134  1.00219638 63361
SUPERBIRD A1            
1 22253U 92084A   09007.70882668  .00000100  00000-0  10000-3 0  7856
2 22253   2.6250  66.8597 0008971 340.9658  18.7697  0.99115987 58686
COSMOS 2224             
1 22269U 92088A   09009.83896708 -.00000035  00000-0  10000-3 0  5354
2 22269  10.0740  49.2768 0003601 164.7085 195.3114  1.00253527 58329
TDRS 6                  
1 22314U 93003B   09009.29593372  .00000096  00000-0  10000-3 0  4102
2 22314   8.8341  60.6081 0000438 219.1084 124.7600  1.00281451 58587
ASTRA 1C                
1 22653U 93031A   09008.91374207  .00000019  00000-0  10000-3 0  3598
2 22653   2.1847  79.9448 0003823 208.2238 151.3305  1.00273735 52467
INSAT-2B                
1 22724U 93048B   09009.07371173 -.00000239  00000-0  10000-3 0  1685
2 22724   7.5369  65.5077 0011024  42.9728 317.0428  0.99967161 56924
ACTS                    
1 22796U 93058B   09011.15196561 -.00000095  00000-0  10000-3 0  6037
2 22796   9.0608  59.6909 0001807 233.2512 126.7250  1.00272139 63077
INTELSAT 701 (IS-701)   
1 22871U 93066A   09010.49324705  .00000055  00000-0  10000-3 0  3097
2 22871   0.0075   7.3130 0002708 275.0253 185.3705  1.00273157 55622
GORIZONT 28             
1 22880U 93069A   09010.59668168 -.00000332  00000-0  10000-3 0   664
2 22880  10.4489  49.8928 0004320 263.9555 116.1803  1.00212270 55692
GORIZONT 29             
1 22907U 93072A   09010.26787885  .00000116  00000-0  10000-3 0  6216
2 22907  10.4270  50.0043 0015175 200.8023 159.1471  1.00141896 55448
SOLIDARIDAD 1           
1 22911U 93073A   09010.16151141 -.00000111  00000-0  10000-3 0  1379
2 22911   7.5211  65.4872 0004089 155.8068 204.1582  1.00277585 54072
METEOSAT-6 (MOP-3)      
1 22912U 93073B   09010.79564691 -.00000026  00000-0  10000-3 0  8751
2 22912   7.9995  61.7393 0002488 246.0019 156.6903  1.00275794 53890
NATO 4B                 
1 22921U 93076A   09010.74633363  .00000144  00000-0  10000-3 0  1171
2 22921   7.4227  54.0661 0003411 231.9846 127.9734  1.00272447 55318
DIRECTV 1 (DBS 1)       
1 22930U 93078A   09011.27533128 -.00000174  00000-0  00000+0 0  5533
2 22930   0.1738  87.3121 0003357 205.7370 185.8143  1.00270384 63049
THAICOM 1               
1 22931U 93078B   09010.92666012 -.00000362  00000-0  10000-3 0  2928
2 22931   0.1028  54.3474 0002133 218.4935 291.1824  1.00263868 54749
GOES 8                  
1 23051U 94022A   09010.83282134 -.00000050  00000-0  10000-3 0  6367
2 23051   5.3508  75.8897 0009457 175.1487 184.7244  0.98906033 61168
INTELSAT 702 (IS-702)   
1 23124U 94034A   09010.63678291  .00000088  00000-0  10000-3 0  1413
2 23124   0.0144  20.5654 0002784 274.8770  98.9183  1.00272495 67541
INTELSAT 2 (IS-2)       
1 23175U 94040A   09011.48914970 -.00000032  00000-0  10000-3 0  3453
2 23175   0.0691 101.5497 0003293 213.4842 141.1697  1.00271377 52468
BS-3N                   
1 23176U 94040B   09009.78017645 -.00000344  00000-0  10000-3 0  9752
2 23176   0.0221 309.1909 0002408  53.3356 137.6141  1.00268161 52944
APSTAR 1                
1 23185U 94043A   09010.58891750 -.00000268  00000-0  10000-3 0   949
2 23185   4.0239  74.5258 0001304 202.4507 187.2427  1.00271381 53000
DIRECTV 2 (DBS 2)       
1 23192U 94047A   09010.34695440  .00000018  00000-0  10000-3 0  3959
2 23192   1.9878  79.5964 0016397 185.3802 231.3029  0.98632612 62875
BRASILSAT B1            
1 23199U 94049A   09010.07225381 -.00000267  00000-0  10000-3 0  2092
2 23199   1.7625  80.6533 0001743 209.2503 137.6399  1.00264361 63682
OPTUS B3                
1 23227U 94055A   09010.64894315 -.00000074  00000-0  10000-3 0  2808
2 23227   1.0517  81.7042 0005822 208.7380 217.4588  1.00272468 52629
NSS-703                 
1 23305U 94064A   09010.98443981  .00000072  00000-0  10000-3 0  8736
2 23305   0.0406 234.6221 0003262  28.4427 258.9514  1.00272512 52354
SOLIDARIDAD 2           
1 23313U 94065A   09011.53124388 -.00000027  00000-0  10000-3 0  2639
2 23313   0.8413  82.3106 0002515 206.5592 258.6353  1.00272749 52227
THAICOM 2               
1 23314U 94065B   09010.62428755 -.00000119  00000-0  10000-3 0  1781
2 23314   0.1036  43.8788 0006535 227.1477 142.4523  1.00270572 52194
EXPRESS 1               
1 23319U 94067A   09009.60338507 -.00000206  00000-0  10000-3 0  6444
2 23319   7.7196  64.8091 0002880 149.3384 210.6116  0.99820176 52037
ASTRA 1D                
1 23331U 94070A   09009.00000000  .00000162  00000-0  00000+0 0  8593
2 23331   1.2690  78.7950 0002920 211.0680 210.0760  1.00272394 52448
RADUGA 32               
1 23448U 94087A   09010.64737545 -.00000060  00000-0  10000-3 0   981
2 23448   9.8771  54.1543 0005467 152.6013 207.4331  1.00278494 69108
INTELSAT 704 (IS-704)   
1 23461U 95001A   09009.01816444  .00000008  00000-0  10000-3 0  8695
2 23461   0.0480 254.8032 0004297  36.8624 249.5477  1.00272257 51308
INTELSAT 705 (IS-705)   
1 23528U 95013A   09010.25624479 -.00000279  00000-0  10000-3 0  8089
2 23528   0.0183  13.6417 0003108 286.7846 211.7221  1.00270443 50494
BRASILSAT B2            
1 23536U 95016A   09009.87241961 -.00000164  00000-0  00000+0 0  9515
2 23536   0.9361  84.8804 0002567 201.2917  45.3943  1.00270233 50555
AMSC 1                  
1 23553U 95019A   09011.56569082 -.00000118  00000-0  10000-3 0   787
2 23553   4.1210  74.4520 0002956 232.9452 266.1211  1.00271080 50383
INTELSAT 706 (IS-706)   
1 23571U 95023A   09010.98544167  .00000114  00000-0  10000-3 0  8552
2 23571   0.0104 346.1199 0002971 298.8509 230.6427  1.00270489 49994
DIRECTV 3 (DBS 3)       
1 23598U 95029A   09011.18840433 -.00000220  00000-0  10000-3 0  9915
2 23598   0.0100 355.2567 0002690 289.4926 171.8938  1.00270443 49720
TDRS 7                  
1 23613U 95035B   09010.45007228  .00000117  00000-0  10000-3 0  4421
2 23613  10.6973  49.9237 0003486 216.0251 215.3834  1.00275008 49412
INTELSAT 4 (IS-4)       
1 23636U 95040A   09010.97145447 -.00000057  00000-0  10000-3 0  9053
2 23636   0.0372 260.4060 0003319  31.5890 240.3167  1.00270839 49190
COSMOS 2319             
1 23653U 95045A   09010.34105885  .00000060  00000-0  10000-3 0  9671
2 23653   9.4918  56.4419 0002791  93.8337 266.1934  1.00248157 48947
TELSTAR 4 (TELSTAR 402R)
1 23670U 95049A   09009.15296085 -.00000164  00000-0  10000-3 0  8792
2 23670   4.9514  72.0074 0007042 194.4601 165.3548  1.00254517 48695
LUCH 1                  
1 23680U 95054A   09009.66567325 -.00000106  00000-0  10000-3 0  7136
2 23680   8.5911  65.4611 0005461 289.3344  70.5576  1.00277012 48559
ASTRA 1E                
1 23686U 95055A   09009.00000000  .00000147  00000-0  00000+0 0  9651
2 23686   0.0390 182.8380 0001690  94.4100 214.9320  1.00271958 48515
ASIASAT 2               
1 23723U 95064A   09010.69326147 -.00000306  00000-0  10000-3 0  8396
2 23723   0.0155 329.1856 0002141 314.1637 177.0572  1.00270530 48062
TELECOM 2C              
1 23730U 95067A   09009.08830957  .00000022  00000-0  10000-3 0   472
2 23730   4.7833  72.8091 0005497 207.3016 223.4449  1.00271993 48072
ECHOSTAR 1              
1 23754U 95073A   09010.25824203  .00000133  00000-0  10000-3 0   274
2 23754   0.0169 302.5578 0002717 343.4061 128.8035  1.00269594 47607
INTELSAT 3R (IS-3R)     
1 23764U 96002A   09005.94078664 -.00000247  00000-0  00000+0 0  5918
2 23764   0.0309  89.3482 0001921 195.9690 116.0104  1.00271408 47560
AFRICASAT-1 (MEASAT-1)  
1 23765U 96002B   09010.87775296  .00000132  00000-0  10000-3 0  7719
2 23765   1.2162  81.2122 0000712 214.7934 176.4846  1.00273102 47590
KOREASAT 2              
1 23768U 96003A   09010.72563128 -.00000362  00000-0  10000-3 0  6889
2 23768   1.9658  79.4347 0000847 250.6677 157.9701  1.00269078 47579
HGS-3                   
1 23779U 96006A   09010.00695382  .00000158  00000-0  10000-3 0  1295
2 23779   0.0403 115.2486 0002450 173.2715 221.6348  1.00270611 47343
INTELSAT 707 (IS-707)   
1 23816U 96015A   09010.90744316 -.00000284  00000-0  10000-3 0  8005
2 23816   0.0129  37.7677 0003167 258.2382  88.1909  1.00268631 47001
INMARSAT 3-F1           
1 23839U 96020A   09010.81228197  .00000013  00000-0  10000-3 0  5477
2 23839   0.1164  34.3206 0005799 253.6571 179.3626  1.00270844 46792
ASTRA 1F                
1 23842U 96021A   09009.92852735  .00000125  00000-0  00000+0 0  9599
2 23842   0.0050 261.9499 0006445 290.1396 271.0270  1.00272333 46690
MSAT M1                 
1 23846U 96022A   09010.56734726 -.00000078  00000-0  10000-3 0  3884
2 23846   1.4639  80.3601 0006079 205.6347 281.9342  1.00270937 46610
PALAPA C2               
1 23864U 96030A   09010.64329338 -.00000356  00000-0  10000-3 0  8043
2 23864   0.0049   0.5428 0001133 310.5576 143.7214  1.00270036 46340
AMOS 1                  
1 23865U 96030B   09009.84402179 -.00000011  00000-0  10000-3 0   195
2 23865   0.4924  88.6084 0005266 180.2786 142.9349  1.00268472 46338
GALAXY 9 (G-9)          
1 23877U 96033A   09010.08009394 -.00000221  00000-0  10000-3 0   194
2 23877   0.3787  80.8486 0001600 207.2530 129.4553  1.00269234 46280
GORIZONT 32             
1 23880U 96034A   09011.02046897 -.00000124  00000-0  10000-3 0  1130
2 23880   9.0649  58.3226 0003133 220.0049 185.3531  1.00276686 46264
INTELSAT 709 (IS-709)   
1 23915U 96035A   09010.73243365 -.00000183  00000-0  10000-3 0  8699
2 23915   0.0074  17.9725 0001891 296.1250 145.0840  1.00270708 46083
APSTAR 1A               
1 23943U 96039A   09010.63181907 -.00000338  00000-0  10000-3 0  9330
2 23943   3.3336  76.0396 0001604 192.1090 199.5970  1.00271961 45898
TURKSAT 1C              
1 23949U 96040B   09010.89424470  .00000154  00000-0  10000-3 0  9392
2 23949   0.7718  80.1861 0003963 213.6145 169.6247  1.00272711 45824
TELECOM 2D              
1 24209U 96044B   09010.81860738 -.00000066  00000-0  10000-3 0  8324
2 24209   2.5049  77.8666 0005940 200.5367 118.8667  1.00272218 45638
INMARSAT 3-F2           
1 24307U 96053A   09010.90415899 -.00000122  00000-0  10000-3 0  6474
2 24307   0.0766 339.7608 0005801 310.6738 130.0845  1.00271178 45215
ECHOSTAR 2              
1 24313U 96055A   09010.56467608  .00000006  00000-0  10000-3 0  9136
2 24313   0.4803  81.9682 0003980 193.8479 276.4331  1.00343500 45231
AMC-1 (GE-1)            
1 24315U 96054A   09011.19753803 -.00000102  00000-0  10000-3 0   669
2 24315   0.0343 235.4431 0003422  47.1760 156.3212  1.00271726 45202
ARABSAT-2B              
1 24652U 96063A   09009.73643955  .00000159  00000-0  10000-3 0  9228
2 24652   0.0589 120.6425 0010441 237.9060  46.3576  1.00273216 45024
MEASAT-2                
1 24653U 96063B   09010.47325512 -.00000217  00000-0  10000-3 0  8762
2 24653   1.1784  81.5175 0001091 188.9006 158.0501  1.00270493 44580
EUROBIRD 9              
1 24665U 96067A   09009.85617280  .00000067  00000-0  00000-0 0  7885
2 24665   0.0417  82.7512 0007953 214.9646 129.0001  1.00272420 44849
INMARSAT 3-F3           
1 24674U 96070A   09011.23284069  .00000040  00000-0  10000-3 0  6131
2 24674   0.0905  18.8960 0005814 267.5808  86.2985  1.00273650 44173
AMC-2 (GE-2)            
1 24713U 97002A   09010.48443400 -.00000112  00000-0  10000-3 0  8440
2 24713   0.0408  87.3034 0003121 189.7747 266.4270  1.00271021 43767
NAHUEL 1A               
1 24714U 97002B   09009.29742377 -.00000253  00000-0  10000-3 0  8214
2 24714   1.3616  80.9722 0004575 195.6639 227.5903  1.00269148 43753
JCSAT 4                 
1 24732U 97007A   09010.61653309 -.00000199  00000-0  10000-3 0  5893
2 24732   0.0080 348.6802 0001956 290.9764 202.5279  1.00269537 43497
INTELSAT 801 (IS-801)   
1 24742U 97009A   09011.03305442 -.00000224  00000-0  10000-3 0  5681
2 24742   0.3318  87.7793 0004909 213.2994 149.9646  1.00269729 43506
DIRECTV 6 (TEMPO 2)     
1 24748U 97011A   09011.12571420 -.00000082  00000-0  10000-3 0  9980
2 24748   2.8007  77.5259 0033588 155.0255 204.8293  0.99030294 43381
BSAT-1A                 
1 24769U 97016B   09010.83014947 -.00000348  00000-0  10000-3 0  8323
2 24769   0.0311 258.9463 0001712  60.1180 199.8564  1.00267769 43028
GOES 10                 
1 24786U 97019A   09010.10674611 -.00000282  00000-0  10000-3 0  7220
2 24786   3.2357  76.6142 0005322 230.8132 140.5646  1.00257877 42926
DFH 3-2                 
1 24798U 97021A   09010.71716730 -.00000010  00000-0  10000-3 0  6545
2 24798   4.6809  72.9324 0006634 289.1062  70.6736  1.00373443 42755
THOR II                 
1 24808U 97025A   09009.87201528  .00000038  00000-0  10000-3 0  5559
2 24808   0.7278  83.4953 0002121 241.5115 103.5082  1.00269328 42663
GALAXY 25 (G-25)        
1 24812U 97026A   09010.49262612 -.00000160  00000-0  10000-3 0  8680
2 24812   0.0269  95.2393 0003184 191.5981 267.5476  1.00271643 42622
INMARSAT 3-F4           
1 24819U 97027A   09011.17541243 -.00000286  00000-0  10000-3 0  3835
2 24819   0.1219  54.1194 0004242 222.4207 203.4571  1.00271779 42590
FENGYUN 2A              
1 24834U 97029A   09009.87404157 -.00000131  00000-0  10000-3 0  3266
2 24834   7.9917  64.4176 0095514  67.9403 293.0201  0.96051946 42246
INTELSAT 802 (IS-802)   
1 24846U 97031A   09010.68985324  .00000157  00000-0  00000-0 0  7495
2 24846   0.0148   2.9332 0003730 306.6450  81.9934  1.00273624 42347
SUPERBIRD C             
1 24880U 97036A   09010.37416189 -.00000248  00000-0  10000-3 0  5283
2 24880   0.0064  59.1314 0001478 237.1845  92.3487  1.00270606 41906
AGILA 2                 
1 24901U 97042A   09008.35533601  .00000000  00000-0  10000-3 0  7960
2 24901   0.0644  22.0588 0006527 258.4943 101.3704  1.00269835 41704
INTELSAT 5 (IS-5)       
1 24916U 97046A   09009.66742412 -.00000012  00000-0  10000-3 0  7006
2 24916   0.0494 226.2584 0002310  68.7666 223.5839  1.00334963 41786
EUROBIRD 4              
1 24931U 97049A   09009.80037625  .00000032  00000-0  10000-3 0  8940
2 24931   0.1538  87.0662 0002027 194.7263 119.7614  1.00273989 41665
METEOSAT-7              
1 24932U 97049B   09010.86242713  .00000064  00000-0  10000-3 0  4991
2 24932   4.8094  71.5248 0000866 238.3081 168.4004  1.00273895 41619
AMC-3 (GE-3)            
1 24936U 97050A   09010.50184113 -.00000193  00000-0  10000-3 0  6612
2 24936   0.0420 233.2402 0002363  54.5400 276.0085  1.00270084 41601
NSS-5                   
1 24957U 97053A   09010.59896551  .00000073  00000-0  10000-3 0  7014
2 24957   0.0160  69.3264 0002782 215.3035 224.2153  1.00272201 41407
ECHOSTAR 3              
1 25004U 97059A   09010.07165244 -.00000278  00000-0  00000+0 0  6040
2 25004   0.0178 324.6517 0001861  25.9267  83.4130  1.00268494 41305
TELSTAR 10 (APSTAR 2R)  
1 25010U 97062A   09010.95597197 -.00000101  00000-0  10000-3 0  6505
2 25010   0.0398 173.5777 0003979 123.9333 233.7194  1.00271492 41166
ASTRA 5A (SIRIUS 2)     
1 25049U 97071A   09010.89713551  .00000155  00000-0  10000-3 0  6030
2 25049   0.0434 105.4351 0003969 184.1287 175.4208  1.00273049 40917
INDOSTAR 1              
1 25050U 97071B   09010.68179278 -.00000343  00000-0  10000-3 0  9685
2 25050   3.2921  76.1453 0004199 222.1650 165.0217  1.00268462 40924
ASTRA 1G                
1 25071U 97076A   09009.00000000  .00000129  00000-0  00000+0 0  7845
2 25071   0.0480  86.0310 0002634 291.4240 110.3820  1.00271319 40715
GALAXY 8                
1 25086U 97078A   09010.83482866  .00000027  00000-0  10000-3 0  7347
2 25086   5.8277  70.3949 0010240 212.3392 147.5040  0.99702506 40534
HGS-1 (ASIASAT 3)       
1 25126U 97086A   09009.16781416 -.00000230  00000-0  10000-3 0  2160
2 25126   1.4474 135.4099 0049199 177.9358 181.0673  1.00261777 41294
BRASILSAT B3            
1 25152U 98006A   09009.48911282 -.00000241  00000-0  10000-3 0  9049
2 25152   0.0497 200.1142 0004168  68.2573 301.7993  1.00267992 40111
INMARSAT 3-F5           
1 25153U 98006B   09008.92871713  .00000151  00000-0  00000+0 0  3714
2 25153   0.4625 359.4247 0005447 293.2417 175.3102  1.00276647 40070
ATLANTIC BIRD 4         
1 25237U 98013A   09009.84646855 -.00000054  00000-0  10000-3 0  9011
2 25237   0.0347  30.9670 0006738 264.7298 111.3249  1.00271311 40126
NSS-806                 
1 25239U 98014A   09009.88421569 -.00000256  00000-0  10000-3 0  3716
2 25239   0.0144  23.9076 0002905 271.7578  91.6798  1.00269622 39888
NILESAT 101             
1 25311U 98024A   09009.84654000 -.00000052  00000-0  10000-3 0  6775
2 25311   0.0119  30.2342 0002782 262.9074 114.1101  1.00271855 39480
COSMOS 2350             
1 25315U 98025A   09010.66908731 -.00000070  00000-0  10000-3 0  3031
2 25315   6.9968  64.1243 0003881 311.0139  48.9021  1.00258822 39211
ECHOSTAR 4              
1 25331U 98028A   09010.07622946 -.00000238  00000-0  10000-3 0  9096
2 25331   0.8032  34.9707 0004391 249.2871 135.7349  1.00269025 39233
CHINASTAR 1             
1 25354U 98033A   09010.93828472 -.00000207  00000-0  10000-3 0  4062
2 25354   0.0287 242.6319 0002392  42.2652 251.1273  1.00270131 43454
THOR III                
1 25358U 98035A   09006.11446564  .00000011  00000-0  10000-3 0  4029
2 25358   0.0489 180.0982 0001405 103.2923 222.7965  1.00273290 38833
INTELSAT 805 (IS-805)   
1 25371U 98037A   09010.10519560 -.00000281  00000-0  10000-3 0  3059
2 25371   0.0209  71.2123 0003089 212.8875 168.0201  1.00270687 38729
SINOSAT 1 (XINNUO 1)    
1 25404U 98044A   09009.89922863 -.00000347  00000-0  10000-3 0  9590
2 25404   0.0719  69.7873 0003854 237.6672 236.2798  1.00268710 38572
ST-1                    
1 25460U 98049A   09010.71624912 -.00000210  00000-0  10000-3 0  5724
2 25460   0.0108 333.9307 0004199 325.6171 156.6431  1.00270338 38049
ASTRA 2A                
1 25462U 98050A   09009.00000000  .00000159  00000-0  00000+0 0   433
2 25462   0.0520 117.2200 0001139  53.0920 326.5830  1.00269803 38012
INTELSAT 7 (IS-7)       
1 25473U 98052A   09009.00557653 -.00000017  00000-0  10000-3 0  7085
2 25473   0.0295  89.2662 0003581 215.5218 234.5417  1.00272263 37798
EUTELSAT W2             
1 25491U 98056A   09009.98963792  .00000109  00000-0  10000-3 0  6216
2 25491   0.0425 350.0716 0005186 299.0852 192.7517  1.00274498 37637
SIRIUS 3                
1 25492U 98056B   09009.87201528  .00000038  00000-0  10000-3 0  4362
2 25492   0.0913  93.6815 0001506 258.0557  76.6481  1.00270103 37694
EUROBIRD 2              
1 25495U 98057A   09009.79526774  .00000149  00000-0  10000-3 0  6129
2 25495   0.0636 351.8859 0004729 301.8290 127.5098  1.00271921 37607
AFRISTAR                
1 25515U 98063A   09008.94288740  .00000138  00000-0  10000-3 0  4556
2 25515   0.0258 350.3649 0014963 205.1021 273.7649  1.00274618 37376
AMC-5 (GE-5)            
1 25516U 98063B   09009.34360255 -.00000226  00000-0  10000-3 0  3978
2 25516   0.0309  65.9123 0002556 227.6096 220.1978  1.00269151 37418
INTELSAT 8 (IS-8)       
1 25522U 98065A   09010.65230109 -.00000055  00000-0  10000-3 0  5889
2 25522   0.0108 342.8376 0003050 297.5854 230.6791  1.00271105 37384
BONUM 1                 
1 25546U 98068A   09010.61770465  .00000080  00000-0  10000-3 0  1858
2 25546   0.0368 242.1910 0001968  24.5600 121.8631  1.00275557 37218
SAT MEX 5               
1 25558U 98070A   09009.56137612 -.00000006  00000-0  10000-3 0  4219
2 25558   0.0323  33.2622 0002418 258.4151 262.8216  1.00271623 37193
GALAXY 26 (G-26)        
1 25626U 99005A   09010.04513708 -.00000158  00000-0  00000+0 0  4205
2 25626   0.0069 355.1167 0003010 297.9670  99.8348  1.00270144 36290
JCSAT 6                 
1 25630U 99006A   09010.66315177 -.00000355  00000-0  10000-3 0  4618
2 25630   0.0326 253.0286 0001010  63.9595 156.0086  1.00267165 36164
BADR-3 (ARABSAT-3A)     
1 25638U 99009A   09010.64409209  .00000155  00000-0  10000-3 0  5604
2 25638   0.2997  87.5127 0003113 162.6895 122.2093  1.00271217 36232
SKYNET 4E               
1 25639U 99009B   09010.80222512  .00000148  00000-0  10000-3 0  5111
2 25639   5.0695  52.7338 0002972 239.4618 142.4821  1.00268680 36207
ASIASAT 3S              
1 25657U 99013A   09010.77544677 -.00000332  00000-0  10000-3 0  2271
2 25657   0.0270 222.9811 0002405  93.6625 178.3859  1.00267622 35985
INSAT-2E (APR-1)        
1 25666U 99016A   09010.89896723 -.00000163  00000-0  10000-3 0  2035
2 25666   0.1137  83.8078 0004927 218.5488 214.7579  1.00269604 35923
EUTELSAT W6             
1 25673U 99018A   09010.79274823  .00000131  00000-0  10000-3 0  7157
2 25673   0.0674   6.2379 0003442 273.4709 137.6782  1.00271519 35754
NIMIQ 1                 
1 25740U 99027A   09011.47300670 -.00000174  00000-0  00000+0 0  6172
2 25740   0.0235  44.1066 0002391 263.3302 242.6974  1.00271277 35374
ASTRA 1H                
1 25785U 99033A   09009.00000000  .00000129  00000-0  00000+0 0  7550
2 25785   0.0710 133.1760 0001000 322.3670  32.3010  1.00271642 35079
TELKOM 1                
1 25880U 99042A   09010.23259462 -.00000341  00000-0  10000-3 0  6552
2 25880   0.0184 335.1642 0002735 334.3012 352.1498  1.00270511 34540
KOREASAT 3              
1 25894U 99046A   09009.76770332 -.00000356  00000-0  10000-3 0  2542
2 25894   0.0100 347.8027 0000449 345.6492 168.4747  1.00267981 33313
YAMAL 102               
1 25897U 99047B   09010.73782317 -.00000228  00000-0  10000-3 0   761
2 25897   5.0324  72.1999 0004496 216.0977 177.3303  1.00268558 34320
ECHOSTAR 5              
1 25913U 99050A   09011.20071718  .00000058  00000-0  10000-3 0  6635
2 25913   0.0088 342.4118 0002691 313.5623 118.2443  1.00271528 34075
GALAXY 27 (G-27)        
1 25922U 99052A   09009.49505149  .00000065  00000-0  10000-3 0  4451
2 25922   0.0335  46.5014 0002717 250.7976 221.0965  1.00273448 34030
ABS 1 (LMI 1)           
1 25924U 99053A   09010.59706468 -.00000084  00000-0  10000-3 0  1329
2 25924   0.0334 248.1037 0002572  28.2368 123.8072  1.00270777 34072
DIRECTV 1R              
1 25937U 99056A   09011.31168678 -.00000258  00000-0  00000+0 0  5997
2 25937   0.0074 298.1709 0002102 345.4428 226.9961  1.00268661 33933
TELSTAR 12 (ORION 2)    
1 25949U 99059A   09008.96914127 -.00000110  00000-0  10000-3 0  6227
2 25949   0.0438  70.3052 0003694 270.8351 101.3436  1.00271588 33782
AMC-4 (GE-4)            
1 25954U 99060A   09008.35461951 -.00000102  00000-0  10000-3 0  6153
2 25954   0.0371 248.2797 0001224  45.5996 200.8463  1.00272824 33627
GALAXY 11 (G-11)        
1 26038U 99071A   09008.99331029  .00000165  00000-0  10000-3 0  6520
2 26038   0.0232 170.8540 0001295 157.2916 170.9194  1.00273703 33258
ZHONGXING-22            
1 26058U 00003A   09011.74196762 -.00000293  00000-0  10000-3 0   256
2 26058   0.6947  79.9868 0003628 223.9458 172.4014  1.00272722 32892
HISPASAT 1C             
1 26071U 00007A   09005.88420709 -.00000195  00000-0  10000-3 0  2426
2 26071   0.0435  24.1839 0002587 212.2120 157.5269  1.00267934 32764
GARUDA 1                
1 26089U 00011A   09009.76566269 -.00000350  00000-0  10000-3 0  3315
2 26089   1.5056 258.5577 0002565  44.7870 204.7900  1.00259081 32677
SUPERBIRD 4             
1 26095U 00012A   09011.49378983 -.00000094  00000-0  10000-3 0  6464
2 26095   0.0342 246.0783 0001816  32.1848 172.6008  1.00270686 32655
EXPRESS 2A              
1 26098U 00013A   09010.63481284 -.00000320  00000-0  10000-3 0  7443
2 26098   2.8429  77.3188 0001584 248.7685 115.4217  1.00267435 32356
ASIASTAR                
1 26107U 00016A   09010.87994213 -.00000331  00000-0  10000-3 0  5534
2 26107   0.0177  12.4194 0004258 272.8134 247.0592  1.00270894 32319
INSAT-3B                
1 26108U 00016B   09010.93453132 -.00000164  00000-0  10000-3 0   362
2 26108   0.0381 140.5568 0007763 137.2965 252.1284  1.00270525 32265
SESAT 1                 
1 26243U 00019A   09009.75428551  .00000161  00000-0  10000-3 0  4719
2 26243   0.0714  19.6081 0006988 268.0671 129.1966  1.00270982 31981
GALAXY 4R (G-4R)        
1 26298U 00020A   09011.14643998 -.00000244  00000-0  10000-3 0  5995
2 26298   2.2923  78.5965 0003031 205.8741 162.1448  1.00269719 32108
GOES 11                 
1 26352U 00022A   09010.53730311  .00000088  00000-0  10000-3 0  1379
2 26352   0.0502 102.3867 0005944 164.3091 262.2025  1.00283619 31823
EUTELSAT W4             
1 26369U 00028A   09009.75422226  .00000161  00000-0  10000-3 0  3686
2 26369   0.0666 349.2774 0003869 295.8176 131.9019  1.00270071 31631
EXPRESS A3              
1 26378U 00031A   09010.81904557 -.00000089  00000-0  10000-3 0  9249
2 26378   0.6006  80.8263 0003858 204.0982 109.3374  1.00271587 31312
TDRS 8                  
1 26388U 00034A   09011.01016279 -.00000222  00000-0  10000-3 0  8733
2 26388   1.0613 121.6372 0004150 166.0699 275.9059  1.00270209 31359
COSMOS 2371             
1 26394U 00036A   09011.00362959 -.00000137  00000-0  10000-3 0  4832
2 26394   6.2536  68.4475 0003906 223.8946 259.1128  1.00271242 31207
ECHOSTAR 6              
1 26402U 00038A   09011.29476958 -.00000257  00000-0  00000+0 0  6122
2 26402   0.0447  67.0351 0003060 228.8177 208.4556  1.00269424 31122
INTELSAT 9 (IS-9)       
1 26451U 00043A   09011.28231174 -.00000285  00000-0  10000-3 0  1660
2 26451   0.0440 253.3920 0001890  17.8637 243.2520  1.00268357 31017
BRASILSAT B4            
1 26469U 00046A   09009.67907368 -.00000204  00000-0  10000-3 0  4526
2 26469   0.0527 171.6972 0003468 113.1690 344.9073  1.00271496 30786
NILESAT 102             
1 26470U 00046B   09009.84654000 -.00000052  00000-0  10000-3 0  2090
2 26470   0.0306 236.1452 0005821  45.7659 125.3377  1.00271680 30797
RADUGA-1 5              
1 26477U 00049A   09010.62301307  .00000133  00000-0  10000-3 0  4537
2 26477   6.1186  69.1371 0004236 209.8226 100.1526  1.00262440 30648
EUTELSAT W1             
1 26487U 00052A   09010.92586584  .00000069  00000-0  10000-3 0  2432
2 26487   0.0663 357.6415 0006001 290.1990 166.0328  1.00271811 30619
ASTRA 2B                
1 26494U 00054A   09009.98033546  .00000154  00000-0  00000+0 0  7155
2 26494   0.0092 293.7533 0012056  39.4083 157.5070  1.00273177 30490
AMC-7 (GE-7)            
1 26495U 00054B   09010.66740920  .00000098  00000-0  10000-3 0  3466
2 26495   0.0134 340.4720 0003713 318.6566 274.4265  1.00270999 30511
NSS-11 (AAP-1)          
1 26554U 00059A   09010.66257963 -.00000343  00000-0  10000-3 0  5014
2 26554   0.0110 350.8561 0002619 289.2773 176.8905  1.00268772 30361
NSAT 110                
1 26559U 00060A   09009.78017484 -.00000345  00000-0  10000-3 0  4813
2 26559   0.0379 253.3605 0001572  72.4424 174.5391  1.00268602 30288
AMC-6 (GE-6)            
1 26580U 00067A   09011.31168769 -.00000260  00000-0  10000-3 0  3623
2 26580   0.0033 279.3744 0002587 347.3968 244.3832  1.00270223 30159
INTELSAT 12 (IS-12)     
1 26590U 00068A   09009.01188359  .00000146  00000-0  10000-3 0  2122
2 26590   0.0553 244.6574 0002173   5.0141 268.2573  1.00269046 30052
BEIDOU 1A               
1 26599U 00069A   09010.62124341 -.00000280  00000-0  10000-3 0  2087
2 26599   0.8547  82.1635 0004421 222.7178 168.9382  1.00269405 30111
INTELSAT 1R (IS-1R)     
1 26608U 00072A   09008.95950432 -.00000264  00000-0  10000-3 0    49
2 26608   0.0272 219.1899 0000219 121.8151  68.0205  1.00270059 29900
ANIK F1                 
1 26624U 00076A   09010.31301483 -.00000071  00000-0  10000-3 0  4174
2 26624   0.0140  76.9101 0002916 232.5744 165.8464  1.00271479 29899
ASTRA 2D                
1 26638U 00081A   09009.00000000  .00000159  00000-0  00000+0 0  7095
2 26638   0.0670 227.1560 0003461   3.2380 266.4870  1.00271082 29592
AMC-8 (GE-8)            
1 26639U 00081B   09008.66369142  .00000115  00000-0  10000-3 0  3488
2 26639   0.0284  52.8182 0003703 246.9071 268.5472  1.00274067 29552
BEIDOU 1B               
1 26643U 00082A   09010.93788784 -.00000140  00000-0  10000-3 0  2741
2 26643   1.6205  79.3880 0005403 203.9937 245.1601  1.00269871 29562
TURKSAT 2A              
1 26666U 01002A   09010.88642303  .00000147  00000-0  10000-3 0  3814
2 26666   0.0615 245.3770 0005740  48.6860 177.5483  1.00267823 29326
SICRAL 1                
1 26694U 01005A   09009.84559193  .00000110  00000-0  10000-3 0  3748
2 26694   1.1059  80.6412 0004329 202.1045 147.4018  1.00277471 29069
SKYNET 4F               
1 26695U 01005B   09011.01841662 -.00000241  00000-0  10000-3 0  1515
2 26695   3.3310  58.3974 0002905 231.2445 153.5329  1.00266113 29057
EUROBIRD 1              
1 26719U 01011A   09010.66090172  .00000152  00000-0  10000-3 0  4356
2 26719   0.0604 354.3391 0003310 285.6016  96.7515  1.00271683 28753
BSAT-2A                 
1 26720U 01011B   09009.78017601 -.00000344  00000-0  10000-3 0  2920
2 26720   0.0923 287.3455 0005312  26.1695 186.6262  1.00268406 28724
XM-2 (ROCK)             
1 26724U 01012A   09009.22743534 -.00000196  00000-0  10000-3 0  5226
2 26724   0.0739 271.5454 0000299 180.9344  13.0271  1.00269297 28706
EKRAN 21                
1 26736U 01014A   09011.08068837 -.00000302  00000-0  10000-3 0  4941
2 26736   5.5354  79.4471 0002290 246.8595 272.5963  1.00277008 28517
XM-1 (ROLL)             
1 26761U 01018A   09011.10562444 -.00000205  00000-0  10000-3 0  3030
2 26761   0.0802 269.2570 0000228  90.5914  63.7645  1.00270019 28196
INTELSAT 10 (IS-10)     
1 26766U 01019A   09010.92118977 -.00000024  00000-0  10000-3 0  2952
2 26766   0.0496 107.6213 0001940 132.2138 270.8144  1.00272061 28096
INTELSAT 901 (IS-901)   
1 26824U 01024A   09011.20718053 -.00000141  00000-0  00000+0 0  3592
2 26824   0.0061  14.3086 0003296 266.7019 246.4062  1.00271422 27848
ASTRA 2C                
1 26853U 01025A   09009.00000000  .00000159  00000-0  00000+0 0  6351
2 26853   0.0530  61.0120 0002153 320.6050 115.2350  1.00268313 27764
ARTEMIS                 
1 26863U 01029A   09010.02065256  .00000125  00000-0  10000-3 0  6161
2 26863   7.0606  71.3445 0004469 250.5761 176.5519  1.00273582 28562
GOES 12                 
1 26871U 01031A   09011.48771729 -.00000251  00000-0  10000-3 0  8863
2 26871   0.3766 262.3950 0000917 103.2474 206.2980  1.00273254 27430
COSMOS 2379             
1 26892U 01037A   09010.81483576  .00000072  00000-0  10000-3 0  1995
2 26892   4.4573  71.1076 0004136 171.0612 172.9782  1.00269669 27022
INTELSAT 902 (IS-902)   
1 26900U 01039A   09009.86638308  .00000038  00000-0  10000-3 0  3281
2 26900   0.0214  93.3143 0003439 211.4558 178.6301  1.00272526 27004
ATLANTIC BIRD 2         
1 26927U 01042A   09010.24603366 -.00000063  00000-0  10000-3 0  1629
2 26927   0.0596   6.9966 0005074 266.1636 277.1965  1.00272052 26745
DIRECTV 4S              
1 26985U 01052A   09010.48443466 -.00000111  00000-0  10000-3 0  2314
2 26985   0.0382  84.9217 0001839 213.8092 244.6609  1.00271801 26157
INSAT-3C                
1 27298U 02002A   09010.94807098 -.00000076  00000-0  10000-3 0  8680
2 27298   0.0683  95.7645 0005880 179.5954 250.4904  1.00271413 25532
ECHOSTAR 7              
1 27378U 02006A   09009.71170272  .00000006  00000-0  10000-3 0  2768
2 27378   0.0191 311.0021 0001635 347.5497 308.1425  1.00273508 25211
INTELSAT 904 (IS-904)   
1 27380U 02007A   09010.59488679  .00000051  00000-0  10000-3 0  3416
2 27380   0.0119  19.6615 0003586 272.9208  91.7990  1.00270840 25265
TDRS 9                  
1 27389U 02011A   09010.07195765 -.00000271  00000-0  10000-3 0  3240
2 27389   2.7013 239.5217 0004794  58.3709 135.6652  1.00268666 26594
JCSAT 8                 
1 27399U 02015A   09010.44394795 -.00000163  00000-0  10000-3 0  1631
2 27399   0.0195 287.0627 0002003   7.9218 128.9233  1.00270642 24928
ASTRA 3A                
1 27400U 02015B   09010.01535454  .00000142  00000-0  00000+0 0  1985
2 27400   0.0870 237.6259 0004072  37.1311 223.9066  1.00273327 24923
INTELSAT 903 (IS-903)   
1 27403U 02016A   09009.89648815 -.00000233  00000-0  10000-3 0  1650
2 27403   0.0139 319.8923 0003211 323.1841 114.6922  1.00271167 24911
NSS-7                   
1 27414U 02019A   09010.82624104 -.00000168  00000-0  10000-3 0  2899
2 27414   0.0351 112.4337 0002556 170.2380 103.2184  1.00269990 24752
DIRECTV 5 (TEMPO 1)     
1 27426U 02023A   09010.42072515 -.00000053  00000-0  10000-3 0  2439
2 27426   0.0358 101.4250 0003652 187.6001 222.3697  1.00271320 24497
INTELSAT 905 (IS-905)   
1 27438U 02027A   09011.18012818 -.00000184  00000-0  00000+0 0   326
2 27438   0.0215 331.9520 0005643 302.4351 236.7867  1.00272121 24240
EXPRESS 4A              
1 27441U 02029A   09009.90186029 -.00000106  00000-0  10000-3 0  1314
2 27441   0.0105 286.1781 0002853 242.7475 251.2822  1.00272021 24135
GALAXY 3C (G-3C)        
1 27445U 02030A   09010.15409964 -.00000147  00000-0  00000+0 0  9773
2 27445   0.0250 178.1979 0000132 205.1525  46.8813  1.00270221 24112
ATLANTIC BIRD 3         
1 27460U 02035A   09009.84569150 -.00000037  00000-0  10000-3 0   777
2 27460   0.0316 323.6748 0003564 314.4486 130.8147  1.00272205 23909
N-STAR C                
1 27461U 02035B   09008.64388512 -.00000295  00000-0  10000-3 0  9119
2 27461   0.0431 213.8835 0003312  54.8419 207.3937  1.00270054 23892
HOT BIRD 6              
1 27499U 02038A   09008.94412705  .00000098  00000-0  10000-3 0  5103
2 27499   0.0148 331.5055 0005692 289.6890 200.3747  1.00276143 23408
ECHOSTAR 8              
1 27501U 02039A   09009.09714491 -.00000272  00000-0  10000-3 0  3352
2 27501   0.1037 109.9064 0176663 100.7956 217.3080  1.00372249 23424
ATLANTIC BIRD 1         
1 27508U 02040A   09009.84740600 -.00000095  00000-0  10000-3 0  1750
2 27508   0.0721 116.2229 0002849 233.5816  52.2163  1.00270648 23415
METEOSAT-8 (MSG-1)      
1 27509U 02040B   09009.87158685  .00000072  00000-0  10000-3 0   898
2 27509   0.4516 353.2537 0001989 283.0603 156.6525  1.00280527 23413
INTELSAT 906 (IS-906)   
1 27513U 02041A   09010.81228131  .00000016  00000-0  10000-3 0  1219
2 27513   0.0088 357.8821 0002897 304.8421 164.2797  1.00272575 23299
KODAMA (DRTS)           
1 27516U 02042B   09010.59216472 -.00000233  00000-0  10000-3 0   810
2 27516   0.0968 268.0079 0003107 338.8177 167.3423  1.00270323 23263
KALPANA-1 (METSAT 1)    
1 27525U 02043A   09010.94806978 -.00000076  00000-0  10000-3 0  7436
2 27525   0.0514  85.1155 0001039 306.5657 134.1549  1.00270892 23228
HISPASAT 1D             
1 27528U 02044A   09005.87403425 -.00000195  00000-0  10000-3 0    82
2 27528   0.0484  19.4200 0005360 236.9666 133.8125  1.00268610 23103
EUTELSAT W5             
1 27554U 02051A   09010.79929319 -.00000042  00000-0  10000-3 0   385
2 27554   0.0292  27.5067 0003364 271.3148 169.8127  1.00270216 22543
TDRS 10                 
1 27566U 02055A   09009.88455074 -.00000256  00000-0  00000+0 0   362
2 27566   1.4764 279.3797 0007902 263.0612 204.6331  1.00270057 22423
NSS-6                   
1 27603U 02057A   09010.81309301 -.00000268  00000-0  10000-3 0  8762
2 27603   0.0108 282.3541 0003077   4.1864 211.5982  1.00269461 22285
NIMIQ 2                 
1 27632U 02062A   09011.27533155 -.00000173  00000-0  10000-3 0  9763
2 27632   0.0266  89.5096 0002323 166.7013 222.5501  1.00270460 22143
INTELSAT 907 (IS-907)   
1 27683U 03007A   09009.83819444 -.00000198  00000-0  10000-3 0  7323
2 27683   0.0120  92.7155 0003770 207.5670  83.4439  1.00266978 21647
INSAT-3A                
1 27714U 03013A   09007.96640419 -.00000243  00000-0  10000-3 0  4330
2 27714   0.0976  81.8502 0000392 352.1361 115.0547  1.00269671 21091
GALAXY 12 (G-12)        
1 27715U 03013B   09010.47406610  .00000027  00000-0  10000-3 0   429
2 27715   0.0092   3.1753 0002335 260.2007 254.4955  1.00272724 21163
ASIASAT 4               
1 27718U 03014A   09010.60345873 -.00000358  00000-0  10000-3 0  9619
2 27718   0.0191  43.4750 0000337 199.3684 206.8736  1.00270835 21106
COSMOS 2397             
1 27775U 03015A   09009.73325733  .00000011  00000-0  10000-3 0   478
2 27775   3.0029  73.5649 0048791 196.3052 163.1667  1.00490132 20960
GSAT-2                  
1 27807U 03018A   09010.76134491  .00000126  00000-0  10000-3 0  9242
2 27807   0.0684  92.9060 0003260 182.2140 157.3412  1.00272687 20849
HELLAS-SAT 2            
1 27811U 03020A   09010.96855868  .00000153  00000-0  10000-3 0  8687
2 27811   0.0523 241.5194 0003195  46.3525 210.4043  1.00270797 20650
BEIDOU 1C               
1 27813U 03021A   09010.70524523 -.00000350  00000-0  10000-3 0  6782
2 27813   0.1671 210.8653 0003616   6.2662 257.6055  1.00268083 20674
AMC-9 (GE-12)           
1 27820U 03024A   09011.30771031 -.00000216  00000-0  10000-3 0  8646
2 27820   0.0347 139.3209 0002686 151.2020 208.1715  1.00269967 20539
THURAYA-2               
1 27825U 03026A   09008.88591986  .00000147  00000-0  10000-3 0  4144
2 27825   2.9622 337.6112 0005706 293.6059 200.3161  1.00273411 20501
BSAT-2C                 
1 27830U 03028A   09009.78306792 -.00000345  00000-0  10000-3 0  9664
2 27830   0.0632 243.1591 0005490   1.4836 256.5948  1.00270038 20482
OPTUS C1                
1 27831U 03028B   09011.50571824 -.00000149  00000-0  00000+0 0   408
2 27831   0.0474 123.4426 0003388 158.8707 166.8698  1.00270824 20491
RAINBOW 1               
1 27852U 03033A   09010.07165233 -.00000277  00000-0  00000+0 0  8928
2 27852   0.0271  17.7185 0001410 304.1257 111.9960  1.00268436 20147
GALAXY 23 (G-23)        
1 27854U 03034A   09010.47180894  .00000016  00000-0  10000-3 0  9178
2 27854   0.0066 349.7896 0003119 292.0965 237.0759  1.00272391 19922
EUROBIRD 3              
1 27948U 03043A   09010.68985281  .00000157  00000-0  00000+0 0  9528
2 27948   0.0387 355.9466 0001558  19.2245  16.6145  1.00272893 19498
INSAT-3E                
1 27951U 03043E   09010.63661080  .00000086  00000-0  10000-3 0  4649
2 27951   0.0698  98.3891 0003912 179.9143 116.1817  1.00273297 19394
GALAXY 13 (HORIZONS-1)  
1 27954U 03044A   09009.47182978  .00000055  00000-0  10000-3 0  8401
2 27954   0.0021   7.7703 0001635 272.7943 231.4120  1.00271762 19396
ZHONGXING-20            
1 28082U 03052A   09010.27667418 -.00000288  00000-0  10000-3 0  6384
2 28082   0.0165  45.2949 0005959 257.4822   4.8663  1.00268858 18931
YAMAL 202               
1 28089U 03053A   09010.85473318  .00000121  00000-0  10000-3 0  5339
2 28089   0.0306 271.5636 0002983   8.9067 186.6944  1.00273384 18869
YAMAL 201               
1 28094U 03053B   09010.59247043 -.00000227  00000-0  10000-3 0  9028
2 28094   0.0180 280.0155 0003288   6.6016 126.9205  1.00269724 21037
AMOS 2                  
1 28132U 03059A   09009.84486105 -.00000030  00000-0  10000-3 0  7601
2 28132   0.0485 243.4069 0002875  43.6227 122.5882  1.00269565 18549
EXPRESS-AM 22           
1 28134U 03060A   09010.82407141  .00000099  00000-0  10000-3 0  6353
2 28134   0.0368 165.7909 0000452  60.4078 233.9230  1.00272278 18471
ESTRELA DO SUL          
1 28137U 04001A   09009.15892102 -.00000271  00000-0  10000-3 0  6747
2 28137   0.0445  79.0679 0001471 252.8719 131.0324  1.00270068 18536
AMC-10 (GE-10)          
1 28154U 04003A   09010.53730285  .00000091  00000-0  10000-3 0   142
2 28154   0.0079 358.2379 0002377 288.2086 242.1486  1.00271401 18099
MBSAT                   
1 28184U 04007A   09010.62506806 -.00000249  00000-0  10000-3 0  7580
2 28184   0.0141 299.5493 0001866 339.2704 200.5120  1.00269731 17783
EUTELSAT W3A            
1 28187U 04008A   09010.81987528  .00000049  00000-0  10000-3 0  7407
2 28187   0.0631 357.0346 0003958 289.6960 125.8662  1.00271687 17742
RADUGA-1 7              
1 28194U 04010A   09010.95110870 -.00000189  00000-0  10000-3 0  1827
2 28194   3.4298  88.3077 0002428 196.1695 253.8318  1.00275137 17563
DIRECTV 7S              
1 28238U 04016A   09011.49556337 -.00000000  00000-0  10000-3 0  8452
2 28238   0.0293  75.5122 0002818 208.9751 245.9773  1.00272871 17252
AMC-11 (GE-11)          
1 28252U 04017A   09010.63638990  .00000071  00000-0  10000-3 0  6916
2 28252   0.0142  49.2044 0002942 234.9262 284.2335  1.00271248 17039
INTELSAT 10-02          
1 28358U 04022A   09006.11946657  .00000010  00000-0  10000-3 0  6574
2 28358   0.0214 119.8400 0000492 131.1880 256.8333  1.00272954 16743
APSTAR 5 (TELSTAR 18)   
1 28364U 04024A   09010.32726321 -.00000291  00000-0  10000-3 0  3574
2 28364   0.0054 315.0409 0002367 331.4516  79.2682  1.00269029 16771
ANIK F2                 
1 28378U 04027A   09010.52484204 -.00000047  00000-0  10000-3 0  7040
2 28378   0.0200 100.7160 0002080 158.9252 288.3602  1.00272072 16512
AMAZONAS                
1 28393U 04031A   09011.40040655 -.00000283  00000-0  10000-3 0  5510
2 28393   0.0102 288.5333 0003181   7.1516 258.4669  1.00270730 16293
EDUSAT                  
1 28417U 04036A   09007.90251766 -.00000062  00000-0  10000-3 0  8887
2 28417   0.0140 234.0379 0008556  50.3375 222.0781  1.00271416 15813
AMC-15                  
1 28446U 04041A   09010.54818713 -.00000086  00000-0  10000-3 0  7638
2 28446   0.0423 222.9999 0002865  72.9323 266.5550  1.00271437 15565
FENGYUN 2C              
1 28451U 04042A   09010.94742940 -.00000331  00000-0  00000+0 0  3305
2 28451   1.0013  78.4348 0002943 311.3085 166.8279  1.00270626 15470
EXPRESS-AM 1            
1 28463U 04043A   09010.66416176  .00000152  00000-0  10000-3 0  3818
2 28463   0.0391 147.6814 0001013 216.8809  24.8348  1.00273439 15383
AMC-16                  
1 28472U 04048A   09009.23348740 -.00000197  00000-0  10000-3 0  8023
2 28472   0.0142 340.0058 0001796 298.7147 189.2379  1.00270788 14965
NSS-10 (AMC-12)         
1 28526U 05003A   09008.96331844 -.00000241  00000-0  10000-3 0  4342
2 28526   0.0672  55.0838 0003428 243.8403 119.0827  1.00269984 14462
XTAR-EUR                
1 28542U 05005A   09008.01211324  .00000165  00000-0  10000-3 0  4960
2 28542   0.0098 341.3780 0002196 324.1822 195.4764  1.00270310 14315
HIMAWARI 6 (MTSAT-1R)   
1 28622U 05006A   09011.14800519 -.00000281  00000-0  10000-3 0  9547
2 28622   0.0401 113.9063 0002521  25.9642 164.2295  1.00269105 14174
XM-3 (RHYTHM)           
1 28626U 05008A   09010.05251936 -.00000201  00000-0  10000-3 0  5385
2 28626   0.0091   6.2784 0000284 125.5489 271.6938  1.00269683 14221
INMARSAT 4-F1           
1 28628U 05009A   09010.83868435  .00000016  00000-0  10000-3 0  8232
2 28628   2.2400 320.6971 0003515 337.9906 177.6157  1.00272844 13843
EXPRESS-AM 2            
1 28629U 05010A   09010.93843875 -.00000135  00000-0  10000-3 0   142
2 28629   0.0289 124.3262 0001428 204.2143 199.8486  1.00270631 13873
APSTAR 6                
1 28638U 05012A   09010.77691896 -.00000316  00000-0  10000-3 0  2581
2 28638   0.0058  62.4104 0002485 219.9516 241.7430  1.00273583 38585
SPACEWAY 1              
1 28644U 05015A   09010.26125270 -.00000099  00000-0  00000+0 0  6456
2 28644   0.0038 131.5606 0000141 243.5193  85.9721  1.00271261 13671
DIRECTV 8               
1 28659U 05019A   09011.19812019 -.00000116  00000-0  10000-3 0  6740
2 28659   0.0380  57.0957 0002858 240.1887 144.0013  1.00270753 13359
GALAXY 28 (G-28)        
1 28702U 05022A   09010.12912529 -.00000181  00000-0  10000-3 0  5967
2 28702   0.0120  48.3074 0003384 326.0851  52.8356  1.00270154 13051
EXPRESS-AM 3            
1 28707U 05023A   09010.62412957 -.00000278  00000-0  00000+0 0  9313
2 28707   0.0769 173.6406 0002369  97.6417 203.7366  1.00269159 13025
THAICOM 4               
1 28786U 05028A   09010.92665758 -.00000362  00000-0  10000-3 0  5020
2 28786   0.0010 353.4887 0002917 286.9943 283.1463  1.00269637 12567
GALAXY 14 (G-14)        
1 28790U 05030A   09008.31569774  .00000049  00000-0  10000-3 0  6458
2 28790   0.0161  25.3919 0002539 256.5499 174.7105  1.00272840 12455
ANIK F1R                
1 28868U 05036A   09010.43940110 -.00000071  00000-0  10000-3 0  6167
2 28868   0.0094 344.1164 0002186 266.7076 270.1471  1.00271993 12312
GALAXY 15 (G-15)        
1 28884U 05041A   09009.38641330  .00000086  00000-0  10000-3 0  5530
2 28884   0.0104  17.0527 0002571 272.2359 185.8635  1.00273208 11892
SYRACUSE 3A             
1 28885U 05041B   09011.65285473  .00000128  00000-0  10000-3 0  5241
2 28885   0.0157  86.9162 0002253 197.4657 108.8959  1.00269856 12010
INMARSAT 4-F2           
1 28899U 05044A   09009.74109845 -.00000243  00000-0  00000+0 0  6788
2 28899   2.2807 311.0676 0011180  18.8244 355.1727  1.00807537 11675
TELKOM 2                
1 28902U 05046A   09010.91774868 -.00000362  00000-0  10000-3 0  5493
2 28902   0.0223 121.0436 0001428 172.3161 265.5982  1.00270924 11579
SPACEWAY 2              
1 28903U 05046B   09011.28810225 -.00000127  00000-0  10000-3 0  5548
2 28903   0.0221 233.4221 0000121  68.2605 173.8260  1.00271184 11662
INSAT-4A                
1 28911U 05049A   09010.89897385 -.00000164  00000-0  10000-3 0  5886
2 28911   0.0804  88.7714 0003404 269.9017 158.4679  1.00269823 11255
METEOSAT-9 (MSG-2)      
1 28912U 05049B   09010.77833046  .00000007  00000-0  68335-2 0  4469
2 28912   0.3048 153.2829 0001496 342.5223 255.6866  1.00284369 11272
AMC-23                  
1 28924U 05052A   09009.50443065  .00000001  00000-0  10000-3 0  5645
2 28924   0.0110 301.3302 0003533 341.3578 180.0639  1.00272106 11138
ECHOSTAR 10             
1 28935U 06003A   09010.42072619 -.00000052  00000-0  10000-3 0  5861
2 28935   0.0206 325.0516 0002108 320.4602 225.7891  1.00271224 10674
MTSAT-2                 
1 28937U 06004A   09010.64652942 -.00000241  00000-0  10000-3 0  5197
2 28937   0.0138  49.7635 0002410 243.0022 195.2661  1.00269773 10654
SPAINSAT                
1 28945U 06007A   09005.87865044 -.00000195  00000-0  10000-3 0  3238
2 28945   0.0349  18.9168 0004490 288.4792  84.5047  1.00269128 10374
HOT BIRD 7A             
1 28946U 06007B   09008.94412705  .00000098  00000-0  10000-3 0  2917
2 28946   0.0202 210.1686 0004257  69.7690 181.5810  1.00276021 10457
JCSAT 9                 
1 29045U 06010A   09010.84008588 -.00000327  00000-0  10000-3 0  4002
2 29045   0.0082  40.5542 0001501 191.0280 313.3666  1.00270845 10118
ASTRA 1KR               
1 29055U 06012A   09009.00000000  .00000130  00000-0  00000+0 0  2747
2 29055   0.0980 234.9190 0004548  31.6490 221.3130  1.00273801 10018
KAZSAT 1                
1 29230U 06022A   09007.94205178 -.00000307  00000-0  10000-3 0  5124
2 29230   0.0088 304.5005 0001002 355.6946 249.5353  1.00269668  9392
GALAXY 16 (G-16)        
1 29236U 06023A   09011.34538372 -.00000127  00000-0  10000-3 0  4427
2 29236   0.0354 176.8834 0003275 110.6782 208.7327  1.00270585  9438
GOES 13                 
1 29155U 06018A   09010.54818782 -.00000089  00000-0  00000-0 0  5499
2 29155   0.3892  87.8218 0004224 185.5536 289.5831  1.00270480  9675
SATMEX 6                
1 29162U 06020A   09010.49161846 -.00000035  00000-0  10000-3 0  3635
2 29162   0.0367 209.2969 0002470  93.4351 231.3627  1.00271579  9637
THAICOM 5               
1 29163U 06020B   09010.95611978 -.00000121  00000-0  10000-3 0  5327
2 29163   0.0426 252.7241 0002632  48.6664 231.8837  1.00271630  9703
HOT BIRD 8              
1 29270U 06032A   09008.94412705  .00000097  00000-0  10000-3 0  2780
2 29270   0.0697 354.6278 0003166 298.1813 168.7264  1.00275880  9012
JCSAT 10                
1 29272U 06033A   09010.63898065 -.00000346  00000-0  10000-3 0  4295
2 29272   1.2926  81.0840 0003912 256.1999 130.4623  1.00266539  8921
SYRACUSE 3B             
1 29273U 06033B   09008.93774904 -.00000034  00000-0  10000-3 0  3115
2 29273   0.0046 107.6429 0003774 174.4378 158.9056  1.00272624  8892
KOREASAT 5 (MUGUNGWHA 5)
1 29349U 06034A   09010.69746451 -.00000356  00000-0  10000-3 0  4110
2 29349   0.0159  88.8114 0001508 223.9425 161.7063  1.00271009  8805
ZHONGXING-22A           
1 29398U 06038A   09010.67506934 -.00000321  00000-0  10000-3 0  7166
2 29398   0.0277  61.9335 0005049 254.5456 140.1800  1.00270765  8601
DIRECTV 9S              
1 29494U 06043A   09011.19811898 -.00000114  00000-0  10000-3 0  4083
2 29494   0.0160   6.2563 0003119 278.3315 156.4428  1.00270969  8273
OPTUS D1                
1 29495U 06043B   09011.49437421 -.00000112  00000-0  10000-3 0  3125
2 29495   0.0066 291.5772 0002640 353.0940 164.4140  1.00270936  8312
XM-4 (BLUES)            
1 29520U 06049A   09011.50108703 -.00000026  00000-0  10000-3 0  3168
2 29520   0.0045 358.8659 0000266 248.9155 288.7441  1.00272539  8170
BADR-4 (ARABSAT-4B)     
1 29526U 06051A   09009.79526774  .00000150  00000-0  10000-3 0  4008
2 29526   0.0566  26.0891 0003086 297.0846  98.5420  1.00271689  8046
FENGYUN 2D              
1 29640U 06053A   09011.00573380 -.00000198  00000-0  10000-3 0  5542
2 29640   0.6761 254.3503 0001924  68.6351 236.4596  1.00268497  7728
WILDBLUE-1              
1 29643U 06054A   09011.27451999 -.00000050  00000-0  10000-3 0  3675
2 29643   0.0212  32.3574 0002871 288.8543 137.4169  1.00271388  7717
AMC-18                  
1 29644U 06054B   09011.48801971 -.00000090  00000-0  10000-3 0  3661
2 29644   0.0128  35.2548 0003221 257.3029 249.2891  1.00271339  7728
MEASAT-3                
1 29648U 06056A   09010.66111948 -.00000239  00000-0  10000-3 0  3557
2 29648   0.0305  38.1186 0001996 251.3417 150.3120  1.00268820  7730
KIKU-8 (ETS-VIII)       
1 29656U 06059A   09010.67652815 -.00000233  00000-0  10000-3 0  3467
2 29656   0.0255  31.5128 0002947 286.8029 181.5824  1.00270986  7626
BEIDOU 1D               
1 30323U 07003A   09010.64861353 -.00000273  00000-0  10000-3 0  5844
2 30323   4.7633 278.8886 0123009 302.9034 266.6456  1.00269047  7561
INSAT-4B                
1 30793U 07007A   09010.63570214 -.00000256  00000-0  10000-3 0  3211
2 30793   0.0701  97.8100 0006557 178.8849 155.9236  1.00270000  6743
SKYNET 5A               
1 30794U 07007B   09009.84402179 -.00000006  00000-0  10000-3 0  2961
2 30794   0.0690 326.3959 0000995 346.7585  99.0648  1.00274499  6905
ANIK F3                 
1 31102U 07009A   09011.58784145 -.00000003  00000-0  10000-3 0  2571
2 31102   0.0252  31.9921 0002705 253.4980 278.6394  1.00272283  6503
ASTRA 1L                
1 31306U 07016A   09009.00000000  .00000129  00000-0  00000-0 0  2428
2 31306   0.0880 254.4820 0005026  38.0810 195.2980  1.00271517  6227
GALAXY 17 (G-17)        
1 31307U 07016B   09011.47314613 -.00000175  00000-0  10000-3 0  3215
2 31307   0.0034   7.1920 0003411 281.4965 261.7337  1.00270269  6244
NIGCOMSAT 1             
1 31395U 07018A   09010.89323190  .00000148  00000-0  10000-3 0  3274
2 31395   0.2093  80.7651 0003796 225.2048 167.3399  1.00280692  6239
SINOSAT 3               
1 31577U 07021A   09010.66480949 -.00000352  00000-0  10000-3 0  4494
2 31577   0.0643 243.6572 0002553  37.2998 193.6906  1.00269943  5946
ZHONGXING-6B            
1 31800U 07031A   09010.94998480 -.00000361  00000-0  10000-3 0  4095
2 31800   0.0327  84.9003 0002845 206.0832 277.1359  1.00270479  5638
DIRECTV 10              
1 31862U 07032A   09009.49429618 -.00000096  00000-0  10000-3 0  2693
2 31862   0.0292 192.1824 0000354 170.7348 181.4193  1.00272387  5556
SPACEWAY 3              
1 32018U 07036A   09010.15409904 -.00000147  00000-0  00000+0 0  1985
2 32018   0.0380 180.3753 0000874 190.7502  59.1876  1.00270806  5282
BSAT-3A                 
1 32019U 07036B   09009.78017554 -.00000344  00000-0  10000-3 0  2355
2 32019   0.0232 218.0162 0002587 223.0560  59.0459  1.00267614  5211
INSAT-4CR               
1 32050U 07037A   09010.62546220 -.00000075  00000-0  10000-3 0  3186
2 32050   0.0966  89.1791 0002656 210.1436 110.1323  1.00271040  5027
OPTUS D2                
1 32252U 07044A   09010.67273321 -.00000182  00000-0  10000-3 0  2843
2 32252   0.0509 237.2875 0002819  53.0404 214.1449  1.00271639  4693
INTELSAT 11 (IS-11)     
1 32253U 07044B   09010.91846272 -.00000268  00000-0  10000-3 0  1879
2 32253   0.0260  84.6146 0003000 213.4739  99.9976  1.00270117  4693
STAR ONE C1             
1 32293U 07056A   09010.24684610 -.00000273  00000-0  10000-3 0  1762
2 32293   0.0414 114.4909 0001941 172.7268 206.5271  1.00269331  4312
SKYNET 5B               
1 32294U 07056B   09009.88546576  .00000104  00000-0  10000-3 0  2234
2 32294   0.0631 340.8884 0003684 284.3706 215.7854  1.00273934  4395
SIRIUS 4                
1 32299U 07057A   09009.87201528  .00000038  00000-0  10000-3 0  1521
2 32299   0.0309 115.7450 0003434 148.2539 164.2715  1.00273689  4240
RADUGA-1M 1             
1 32373U 07058A   09010.79929154 -.00000036  00000-0  10000-3 0  3284
2 32373   0.0288 233.8273 0002271  21.2335 213.0154  1.00268875  4898
RASCOM-QAF 1            
1 32387U 07063A   09008.93524473  .00000028  00000-0  10000-3 0  1214
2 32387   0.0683  87.9993 0001072 176.6911 183.3935  1.00273986  4336
HORIZONS 2              
1 32388U 07063B   09010.08556718 -.00000248  00000-0  00000-0 0  1717
2 32388   0.0267 278.8471 0002704  17.1809 130.4438  1.00270005  4032
THURAYA-3               
1 32404U 08001A   09010.92343582 -.00000297  00000-0  10000-3 0  1836
2 32404   5.7953 330.1771 0005202 313.8021 257.6510  1.00269822  3697
EXPRESS-AM 33           
1 32478U 08003A   09010.82612351 -.00000279  00000-0  00000+0 0  2466
2 32478   0.0397 142.8888 0001649 252.5025 108.9468  1.00268968  3802
THOR 5                  
1 32487U 08006A   09006.10971333  .00000012  00000-0  10000-3 0  1551
2 32487   0.0408 131.0768 0002491 155.9249 217.5582  1.00273172  3304
KIZUNA (WINDS)          
1 32500U 08007A   09010.62506899 -.00000257  00000-0  10000-3 0  1104
2 32500   0.0739 268.6196 0002572  22.2176 187.4531  1.00270474  3282
DIRECTV 11              
1 32729U 08013A   09011.34538495 -.00000126  00000-0  00000+0 0  1954
2 32729   0.0171 207.6556 0000087 127.0294 161.3797  1.00270491  3107
ICO G1                  
1 32763U 08016A   09011.26341667 -.00000167  00000-0  00000+0 0  1640
2 32763   5.6818 328.3131 0003345 316.2888 188.2640  1.00271020  2760
VINASAT-1               
1 32767U 08018A   09010.83994944 -.00000327  00000-0  10000-3 0  1384
2 32767   0.0213 348.9201 0001060 326.3728 229.4950  1.00270955  2774
STAR ONE C2             
1 32768U 08018B   09009.21184391 -.00000257  00000-0  10000-3 0  1126
2 32768   0.0380 140.4715 0002734 154.9074 179.7576  1.00272280  2799
TIANLIAN I (CTDRS-1)    
1 32779U 08019A   09010.95597190 -.00000106  00000-0  10000-3 0  2312
2 32779   0.0548 270.0500 0000677 215.9808  45.7816  1.00271019  2637
AMOS 3                  
1 32794U 08022A   09009.84486105 -.00000029  00000-0  10000-3 0  1157
2 32794   0.0741  98.6008 0001191  70.6262 240.4272  1.00272721  2606
GALAXY 18 (G-18)        
1 32951U 08024A   09006.50366094  .00000045  00000-0  10000-3 0  1155
2 32951   0.0163  55.8207 0003085 227.6480 241.0583  1.00273258  2333
CHINASAT 9              
1 33051U 08028A   09010.65933596 -.00000245  00000-0  10000-3 0  1837
2 33051   0.0344  89.4232 0006893 196.2665 154.1371  1.00268834  2190
SKYNET 5C               
1 33055U 08030A   09011.20718053 -.00000139  00000-0  00000+0 0   864
2 33055   0.4722 193.5866 0004663  98.0834 235.9306  1.00269995  2193
TURKSAT 3A              
1 33056U 08030B   09010.88931421  .00000147  00000-0  10000-3 0  1093
2 33056   0.0263  81.7159 0002852 207.8511 183.0848  1.00272207  2243
COSMOS 2440             
1 33108U 08033A   09010.75364750 -.00000136  00000-0  10000-3 0  1779
2 33108   1.8434 285.6782 0004326  48.6826 127.6021  1.00269792  1976
PROTOSTAR 1             
1 33153U 08034A   09010.27432052 -.00000289  00000-0  00000+0 0  1334
2 33153   0.0386 188.9428 0002495  98.7954  19.2355  1.00268996  1902
BADR-6                  
1 33154U 08034B   09009.79526774  .00000150  00000-0  10000-3 0  1156
2 33154   0.0476 323.7697 0005963 324.7580 133.2320  1.00274416  1925
ECHOSTAR 11             
1 33207U 08035A   09010.42072612 -.00000054  00000-0  10000-3 0  1216
2 33207   0.0134 353.5697 0002561 294.0736 223.8830  1.00271592  1811
SUPERBIRD 7             
1 33274U 08038A   09010.63449347 -.00000252  00000-0  10000-3 0  1253
2 33274   0.2196  84.1688 0003184 220.1597 178.0848  1.00269405  1549
AMC-21                  
1 33275U 08038B   09005.33113471  .00000058  00000-0  10000-3 0  1175
2 33275   0.0202  35.1116 0003117 266.9510 157.2886  1.00272167  1581
INMARSAT 4-F3           
1 33278U 08039A   09010.33362459 -.00000134  00000-0  10000-3 0  1263
2 33278   2.9823 331.7911 0003281 318.0222 202.6593  1.00270633  1499
NIMIQ 4                 
1 33373U 08044A   09009.23909605 -.00000212  00000-0  10000-3 0   673
2 33373   0.0180 114.0022 0001575 178.3998 180.5581  1.00271048  1162
GALAXY 19 (G-19)        
1 33376U 08045A   09010.39672096 -.00000135  00000-0  10000-3 0   895
2 33376   0.0117  74.3559 0003174 217.8271 223.5919  1.00270682  1120
VENESAT-1               
1 33414U 08055A   09011.31257841 -.00000238  00000-0  00000+0 0   528
2 33414   0.2098 273.3272 0002375   8.1931 223.9971  1.00269628   839
ASTRA 1M                
1 33436U 08057A   09011.66928434  .00000113  00000-0  10000-3 0   701
2 33436   0.1056 211.6786 0000242 269.3222 252.9985  1.00132256   716
