COSMOS 2404 (701)       
1 28112U 03056A   09091.44321785  .00000029  00000-0  10000-3 0  5420
2 28112  64.0058 285.3961 0047274 100.0002 286.6820  2.13097081 41312
COSMOS 2403 (795)       
1 28114U 03056C   09091.68398531  .00000029  00000-0  10000-3 0  4802
2 28114  64.0285 285.4111 0038905  79.2075 226.9915  2.13104536 41318
COSMOS 2413 (712)       
1 28509U 04053B   09091.51722550  .00000030  00000-0  10000-3 0  1957
2 28509  63.8999 284.2049 0006214 132.9728 261.7855  2.13102805 33185
COSMOS 2419 (714)       
1 28915U 05050A   09091.35931396  .00000016  00000-0  10000-3 0  9242
2 28915  64.8621 166.3344 0008589 332.8609 328.1220  2.13102095 25426
COSMOS 2418 (713)       
1 28916U 05050B   09091.97892079  .00000010  00000-0  10000-3 0  9159
2 28916  64.8810 166.3453 0019599 334.3912  34.8999  2.13102693 25445
COSMOS 2425 (716)       
1 29670U 06062A   09091.19048265 -.00000007  00000-0  10000-3 0  6441
2 29670  65.3381  45.5625 0025712 346.8080 172.7695  2.13103356 17622
COSMOS 2426 (717)       
1 29671U 06062B   09092.20146060 -.00000010  00000-0  10000-3 0  6519
2 29671  65.3545  45.5554 0016545 175.6299 265.5908  2.13103799 17652
COSMOS 2424 (715)       
1 29672U 06062C   09091.50308183 -.00000008  00000-0  10000-3 0  6650
2 29672  65.3401  45.5547 0014130 175.4284 270.2217  2.13103765 17633
COSMOS 2433 (720)       
1 32275U 07052A   09092.22951094  .00000008  00000-0  00000+0 0  3941
2 32275  64.8753 166.0451 0003288 268.7983 161.3493  2.13102623 11167
COSMOS 2432 (719)       
1 32276U 07052B   09092.23898985  .00000008  00000-0  10000-3 0  3734
2 32276  64.8885 166.0662 0015243 337.4069  54.6214  2.13102264 11167
COSMOS 2431 (718)       
1 32277U 07052C   09091.47231807  .00000015  00000-0  00000+0 0  3861
2 32277  64.8908 166.0853 0018556 192.9554 106.2235  2.13102408 11223
COSMOS 2434 (721)       
1 32393U 07065A   09090.86589789 -.00000007  00000-0  00000+0 0  2312
2 32393  64.9564  46.1375 0001687 116.2712 243.7359  2.13103288  9846
COSMOS 2435 (722)       
1 32394U 07065B   09090.63073207 -.00000007  00000-0  00000+0 0  2333
2 32394  64.9567  46.1492 0002231   3.3053 356.6848  2.13103490  9774
COSMOS 2436 (723)       
1 32395U 07065C   09091.68616237 -.00000008  00000-0  10000-3 0  2444
2 32395  64.9698  46.1113 0020200 349.6694  10.2800  2.13103620  9791
COSMOS 2442 (724)       
1 33378U 08046A   09091.18558029  .00000018  00000-0  10000-3 0  1657
2 33378  64.7885 165.7333 0028916 334.8697  59.1547  2.13102254  4003
COSMOS 2443 (725)       
1 33379U 08046B   09091.48916931  .00000015  00000-0  10000-3 0  1568
2 33379  64.7960 165.7553 0020966 184.7086 307.4750  2.13102514  4018
COSMOS 2444 (726)       
1 33380U 08046C   09091.84828837  .00000011  00000-0  10000-3 0  1563
2 33380  64.8050 165.7516 0030663 328.6241  33.9209  2.13102505  4017
COSMOS 2447 (727)       
1 33466U 08067A   09092.16197706  .00000030  00000-0  00000+0 0   993
2 33466  64.7508 286.9156 0001380 270.3492  77.8854  2.13101705  2078
COSMOS 2449 (729)       
1 33467U 08067B   09091.58056091  .00000029  00000-0  00000+0 0  1012
2 33467  64.7399 286.9239 0002013 315.1626  82.2480  2.13101893  2095
COSMOS 2448 (728)       
1 33468U 08067C   09091.88927956  .00000030  00000-0  00000+0 0  1071
2 33468  64.7428 286.9139 0003733 333.7883 210.2142  2.13101491  2080
