GORIZONT 25             
1 21922U 92017A   09189.02900297 -.00000274  00000-0  10000-3 0  2183
2 21922  11.5416  42.1637 0027455 300.3286  59.4263  0.99846165 63156
GORIZONT 26             
1 22041U 92043A   09187.26403861 -.00000026  00000-0  10000-3 0  8534
2 22041  11.3985  43.5577 0029492 102.8624 257.4742  0.99243778 62062
GORIZONT 27             
1 22245U 92082A   09186.92827622 -.00000254  00000-0  10000-3 0  4629
2 22245  11.3073  44.6823 0013422 226.9554 132.9297  1.00217340 65130
GORIZONT 28             
1 22880U 93069A   09188.66697431 -.00000344  00000-0  10000-3 0  2017
2 22880  10.8338  47.9847 0032822 358.9925 252.0504  0.99656043 57464
GORIZONT 29             
1 22907U 93072A   09186.97294642 -.00000341  00000-0  10000-3 0  6752
2 22907  10.8077  48.0940 0011047 205.4530 154.4849  1.00153851 57216
GORIZONT 30             
1 23108U 94030A   09187.39778066 -.00000153  00000-0  10000-3 0  4990
2 23108  10.6545  49.4102 0001727 136.2559 223.7486  1.00286684 55428
GORIZONT 31             
1 23775U 96005A   09182.37968603 -.00000091  00000-0  10000-3 0  8462
2 23775   9.6004  55.2262 0020678  66.9819 293.1801  0.99899334 49178
GORIZONT 32             
1 23880U 96034A   09188.58306161 -.00000120  00000-0  10000-3 0  2440
2 23880   9.4795  56.2457 0001468  19.6498  45.6946  1.00268907 48045
GORIZONT 33             
1 26372U 00029A   09187.36282657  .00000054  00000-0  10000-3 0  6366
2 26372   6.7268  65.3146 0002232 338.5077  21.3820  1.00224192 33360
