INTELSAT 602 (IS-602)   
1 20315U 89087A   09188.52546905  .00000033  00000-0  10000-3 0  9186
2 20315   6.9559  65.9111 0001143  30.5056 196.1738  1.00272912 69923
INTELSAT 603 (IS-603)   
1 20523U 90021A   09185.90196828 -.00000160  00000-0  10000-3 0  4874
2 20523   6.4330  67.5014 0001426  40.8397 119.4158  1.00271939 63658
SBS-6                   
1 20872U 90091A   09185.39233315 -.00000089  00000-0  10000-3 0   791
2 20872   1.8244  80.5292 0007355 325.9619  33.2632  0.98993938 56953
INTELSAT 605 (IS-605)   
1 21653U 91055A   09188.52855400 -.00000251  00000-0  00000+0 0  8001
2 21653   4.4921  73.1440 0001936 211.8843 147.9170  0.99326912 65500
INTELSAT 601 (IS-601)   
1 21765U 91075A   09188.01771354  .00000124  00000-0  10000-3 0  7996
2 21765   4.5322  72.0641 0000417  27.9979 238.9011  1.00272201 64610
INTELSAT 701 (IS-701)   
1 22871U 93066A   09188.25549248  .00000055  00000-0  10000-3 0  3807
2 22871   0.0131  48.9528 0003269  61.2589  87.0936  1.00271965 57404
INTELSAT 702 (IS-702)   
1 23124U 94034A   09186.94012644 -.00000000  00000-0  10000-3 0  2411
2 23124   0.0096 333.0926 0002015 121.9734 233.4310  1.00272897 69300
INTELSAT 2 (IS-2)       
1 23175U 94040A   09188.69526309 -.00000027  00000-0  10000-3 0  4642
2 23175   0.5095  83.4555 0003052  11.0129 250.7374  1.00274099 54237
INTELSAT 704 (IS-704)   
1 23461U 95001A   09187.48716489  .00000015  00000-0  10000-3 0  9780
2 23461   0.1771  67.3986 0002025  47.1078 245.5028  0.99178471 53098
INTELSAT 705 (IS-705)   
1 23528U 95013A   09187.29414713 -.00000280  00000-0  10000-3 0  8763
2 23528   0.0149 268.1810 0002990 198.1836 233.9161  1.00270362 52269
INTELSAT 706 (IS-706)   
1 23571U 95023A   09187.98081716  .00000088  00000-0  10000-3 0  9587
2 23571   0.0128   6.6601 0003391  98.0749 228.2914  1.00274362 51765
INTELSAT 3R (IS-3R)     
1 23764U 96002A   09188.04129225 -.00000266  00000-0  10000-3 0  6581
2 23764   0.0340 258.8931 0002511 189.4947 168.6040  1.00270358 49383
HGS-3                   
1 23779U 96006A   09188.62191942  .00000156  00000-0  10000-3 0  2268
2 23779   0.0316 180.5436 0003219 293.1894  73.8873  1.00274990 49133
INTELSAT 707 (IS-707)   
1 23816U 96015A   09188.03138642 -.00000283  00000-0  10000-3 0  8687
2 23816   0.0062   0.5989 0003127 111.7941 131.0242  1.00270388 48776
GALAXY 9 (G-9)          
1 23877U 96033A   09188.43807669 -.00000223  00000-0  10000-3 0  1081
2 23877   0.8387  80.3789 0001832  18.5919 263.2623  1.00273354 48075
INTELSAT 709 (IS-709)   
1 23915U 96035A   09187.92202220 -.00000183  00000-0  10000-3 0  9680
2 23915   0.0116  44.0837 0003293  63.1178 234.8840  1.00271720 47852
INTELSAT 801 (IS-801)   
1 24742U 97009A   09188.94015020 -.00000221  00000-0  10000-3 0  6370
2 24742   0.7868  82.8091 0004151  11.2263 138.9425  1.00272250 45284
GALAXY 25 (G-25)        
1 24812U 97026A   09186.41837854 -.00000160  00000-0  10000-3 0  9313
2 24812   0.0262  37.0096 0003277  61.9093 242.1281  1.00271748 44380
INTELSAT 802 (IS-802)   
1 24846U 97031A   09186.16529058  .00000158  00000-0  00000+0 0  8480
2 24846   0.0151  21.1588 0002561  87.4398 267.0840  1.00272551 44100
INTELSAT 5 (IS-5)       
1 24916U 97046A   09188.69261740 -.00000028  00000-0  10000-3 0  8005
2 24916   0.0170  55.1451 0002679  33.1368 255.8059  1.00271787 43577
INTELSAT 805 (IS-805)   
1 25371U 98037A   09188.37152319 -.00000283  00000-0  10000-3 0  3781
2 25371   0.0114 265.7434 0002966 197.6398 260.3064  1.00269695 40512
INTELSAT 7 (IS-7)       
1 25473U 98052A   09188.73812961 -.00000023  00000-0  10000-3 0  8122
2 25473   0.0111  44.8269 0003432  59.1337 156.2192  1.00272317 39594
INTELSAT 8 (IS-8)       
1 25522U 98065A   09188.52888030 -.00000054  00000-0  10000-3 0  6579
2 25522   0.0327 274.1831 0003144 185.1179 182.7151  1.00272013 39160
GALAXY 26 (G-26)        
1 25626U 99005A   09188.74812951  .00000113  00000-0  10000-3 0  5093
2 25626   0.0122  25.1560 0003154  90.8068 129.9326  1.00273159 38080
INSAT-2E (APR-1)        
1 25666U 99016A   09188.59164943 -.00000162  00000-0  10000-3 0  4738
2 25666   0.1102  78.2418 0004053  19.2416 124.1640  1.00271014 37707
GALAXY 27 (G-27)        
1 25922U 99052A   09188.23679804  .00000061  00000-0  10000-3 0  5144
2 25922   0.0221  51.7435 0002518  44.0792 145.7347  1.00273232 35823
GALAXY 11 (G-11)        
1 26038U 99071A   09186.16521920  .00000158  00000-0  00000+0 0  7345
2 26038   0.0347 138.5965 0000602  63.8026 173.1782  1.00270990 35033
GALAXY 4R (G-4R)        
1 26298U 00020A   09185.02325965 -.00000301  00000-0  10000-3 0  7070
2 26298   2.7285  76.3431 0001702 346.2513  13.2903  0.99843695 33840
INTELSAT 9 (IS-9)       
1 26451U 00043A   09188.38771163 -.00000282  00000-0  10000-3 0  2537
2 26451   0.0369  53.9874 0001359  26.6673 286.3824  1.00270132 32792
INTELSAT 12 (IS-12)     
1 26590U 00068A   09187.61565647  .00000139  00000-0  10000-3 0  3037
2 26590   0.0128  40.9184 0002372  51.9478  98.4998  1.00274390 31848
INTELSAT 1R (IS-1R)     
1 26608U 00072A   09185.91169197 -.00000272  00000-0  10000-3 0   679
2 26608   0.0471 124.6088 0001112 298.7988 142.7778  1.00270215 31672
INTELSAT 10 (IS-10)     
1 26766U 01019A   09188.73812822 -.00000022  00000-0  10000-3 0  4081
2 26766   0.0177 308.9675 0002987 136.4107 174.6504  1.00272843 29870
INTELSAT 901 (IS-901)   
1 26824U 01024A   09188.58742572 -.00000138  00000-0  10000-3 0  4380
2 26824   0.0205  38.9844 0003349  58.1874  21.9632  1.00271312 29628
INTELSAT 902 (IS-902)   
1 26900U 01039A   09187.83896777  .00000035  00000-0  10000-3 0  4234
2 26900   0.0106  45.7364 0003042  52.8830 190.3383  1.00273315 28784
INTELSAT 904 (IS-904)   
1 27380U 02007A   09185.75391190  .00000051  00000-0  10000-3 0  4352
2 27380   0.0164  23.2113 0002842  70.5325 160.5445  1.00273449 27018
INTELSAT 903 (IS-903)   
1 27403U 02016A   09188.90850683 -.00000235  00000-0  10000-3 0  2325
2 27403   0.0061   3.2132 0002669 106.7376 108.5942  1.00270478 26702
INTELSAT 905 (IS-905)   
1 27438U 02027A   09186.06078906 -.00000182  00000-0  00000+0 0   795
2 27438   0.0414 264.1844 0003357 199.6394 176.7404  1.00270330 25993
GALAXY 3C (G-3C)        
1 27445U 02030A   09187.43272300 -.00000148  00000-0  10000-3 0   464
2 27445   0.0229 184.6830 0000465  10.0335 150.5397  1.00269184 25888
INTELSAT 906 (IS-906)   
1 27513U 02041A   09186.71551133  .00000016  00000-0  10000-3 0  2067
2 27513   0.0103 357.7139 0002808 101.7760 146.0814  1.00273468 25056
INTELSAT 907 (IS-907)   
1 27683U 03007A   09187.64652138 -.00000200  00000-0  10000-3 0  7991
2 27683   0.0177  12.4478 0003020  96.5370  21.0075  1.00271322 23428
GALAXY 12 (G-12)        
1 27715U 03013B   09188.45332465  .00000027  00000-0  10000-3 0  1408
2 27715   0.0205  11.2243 0002605  89.9564 224.6424  1.00273540 22941
GALAXY 23 (G-23)        
1 27854U 03034A   09186.61637725  .00000015  00000-0  10000-3 0    33
2 27854   0.0128  18.1012 0002896  87.5278 278.9938  1.00273460 21691
GALAXY 13 (HORIZONS-1)  
1 27954U 03044A   09188.23713506  .00000050  00000-0  10000-3 0  9114
2 27954   0.0171  49.6039 0002579  37.9195 156.1532  1.00272842 21187
INTELSAT 10-02          
1 28358U 04022A   09188.10270785 -.00000008  00000-0  10000-3 0  7193
2 28358   0.0458 128.6571 0000918 320.0211 232.5016  1.00272550 18563
GALAXY 28 (G-28)        
1 28702U 05022A   09188.46549749 -.00000183  00000-0  10000-3 0  6705
2 28702   0.0034 358.9785 0001541  62.2962 302.8364  1.00270994 14846
GALAXY 14 (G-14)        
1 28790U 05030A   09188.19971769  .00000039  00000-0  10000-3 0  7566
2 28790   0.0205  19.6890 0002743  73.0049 139.4877  1.00273208 14251
GALAXY 15 (G-15)        
1 28884U 05041A   09187.57963422  .00000081  00000-0  10000-3 0  6577
2 28884   0.0165  22.2890 0003107  68.6430 269.4160  1.00273253 13684
GALAXY 16 (G-16)        
1 29236U 06023A   09187.52833169 -.00000125  00000-0  10000-3 0  5444
2 29236   0.0402 160.7741 0003537 302.2336 272.8152  1.00271833 11209
GALAXY 17 (G-17)        
1 31307U 07016B   09188.43980535 -.00000172  00000-0  10000-3 0  3866
2 31307   0.0165 348.9174 0003778 143.5019 220.4173  1.00271322  8018
INTELSAT 11 (IS-11)     
1 32253U 07044B   09188.04490170 -.00000267  00000-0  10000-3 0  2477
2 32253   0.0199  46.0087 0002529  49.5913 162.5724  1.00269633  6463
HORIZONS 2              
1 32388U 07063B   09187.41392172 -.00000250  00000-0  10000-3 0  2382
2 32388   0.0093 317.9414 0002534 155.4652 246.0604  1.00271359  5802
GALAXY 18 (G-18)        
1 32951U 08024A   09186.26339785  .00000027  00000-0  10000-3 0  1828
2 32951   0.0174  64.8878 0003238  34.7507 155.5473  1.00272512  4135
