RADCAL                  
1 22698U 93041A   09241.34339319  .00000013  00000-0 -37515-6 0  4161
2 22698  89.5364  23.2929 0092072  78.7015 282.4493 14.22820456839678
STRV 1A                 
1 23125U 94034B   09239.92632470  .00000720  00000-0  16934-3 0  4854
2 23125   7.3935  46.2270 6841291  10.0302 358.6118  2.85116009141493
STRV 1B                 
1 23126U 94034C   09242.54629168  .00001254  00000-0  27253-3 0  5037
2 23126   7.4949 352.2925 6790815 119.6379 323.7411  2.92634729143822
HELIOS 1A               
1 23605U 95033A   09243.09629014  .00000165  00000-0  40468-4 0  4493
2 23605  98.0835 178.3828 0002197 116.8071 243.3349 14.63856919756133
REX 2                   
1 23814U 96014A   09242.51375842  .00000009  00000-0 -73544-6 0  7650
2 23814  90.1548 273.6445 0024892  70.2087 290.1787 14.23870620700124
COSMOS 2346             
1 24953U 97052A   09243.17921387  .00000011  00000-0 -34367-5 0  5719
2 24953  82.9200 259.5799 0038319 282.2721  77.4148 13.79435253600964
ARGOS                   
1 25634U 99008A   09242.22094759  .00000136  00000-0  87524-4 0  8024
2 25634  99.0060 280.4941 0010918  94.6708 265.5714 14.18912471544547
HELIOS 1B               
1 25977U 99064A   09243.12012981 -.00000393  00000-0 -47040-4 0  5790
2 25977  98.3455 246.5238 0002502  78.6042 281.5435 14.77714328522991
MTI                     
1 26102U 00014A   09243.20286098 -.00000144  00000-0 -48339-5 0  9396
2 26102  97.2282  43.3128 0018749 208.3404 203.9284 15.11787221520734
STRV 1C                 
1 26610U 00072C   09241.20169421 -.00000036  00000-0  00000+0 0  9769
2 26610   6.6548 260.3407 7327544 113.9392 334.6949  2.03456618 65305
OFEQ 5                  
1 27434U 02025A   09243.19610231  .00000923  00000-0  30869-4 0  5305
2 27434 143.4636  17.4447 0027144 291.2221  68.5648 15.05696835404602
HELIOS-2A               
1 28492U 04049A   09243.12933598  .00000259  00000-0  58636-4 0  2632
2 28492  98.0868 178.5943 0001969 102.0676 258.0757 14.63836436251107
ESSAIM-1                
1 28494U 04049C   09243.11492891 -.00000050  00000-0  24956-6 0  3348
2 28494  98.2613 203.0391 0003201  23.2521 336.8832 14.70165106252099
ESSAIM-2                
1 28495U 04049D   09243.11446763 -.00000020  00000-0  51078-5 0  3594
2 28495  98.2621 203.1519 0003971  12.6998 347.4306 14.70165798252097
ESSAIM-3                
1 28496U 04049E   09243.11506192  .00000041  00000-0  15338-4 0  2890
2 28496  98.2754 207.5585 0009204  17.3770 342.7748 14.70164282252276
ESSAIM-4                
1 28497U 04049F   09243.11459256  .00000082  00000-0  22158-4 0  3387
2 28497  98.2757 207.6014 0012405  11.8836 348.2657 14.70164637252271
SAR-LUPE 1              
1 29658U 06060A   09243.22668635  .00000475  00000-0  21469-4 0   171
2 29658  98.1341 349.4654 0020046   4.1735  82.0792 15.26452424150374
MIDSTAR-1               
1 30773U 07006B   09243.17198298 -.00000304  00000-0  00000+0 0  7058
2 30773  46.0343 318.1510 0009492 234.3453 125.6557 15.23809073138178
CFESAT                  
1 30777U 07006F   09242.58286060  .00000176  00000-0  15949-4 0  6521
2 30777  35.4332  12.1982 0002366 179.6358 180.4371 15.02795125136253
NFIRE                   
1 31140U 07014A   09242.22735190  .00004606  00000-0  60405-4 0  9194
2 31140  48.2340 168.1181 0051443  27.8226 332.5456 15.59166827133782
OFEQ 7                  
1 31601U 07025A   09243.14821759  .00002462  00000-0  85595-4 0  5211
2 31601 141.7468 191.0651 0070088  44.4383 139.8990 15.19757378123835
SAR-LUPE 2              
1 31797U 07030A   09243.22517255  .00000310  00000-0  15219-4 0  4254
2 31797  98.1712  59.5645 0012728 315.8545 159.7931 15.26438288120591
SAR-LUPE 3              
1 32283U 07053A   09243.23774480  .00000397  00000-0  18479-4 0   562
2 32283  98.1112 120.7314 0011544  63.4930  83.8101 15.26462608102105
SAR-LUPE 4              
1 32750U 08014A   09243.21410781  .00000542  00000-0  24014-4 0  5972
2 32750  98.1297 350.4843 0021824 167.0826 280.4257 15.26470552 79550
SAR-LUPE 5              
1 33244U 08036A   09243.22543321  .00000419  00000-0  19305-4 0  2419
2 33244  98.1062 119.1071 0020351 214.2283 293.0275 15.26471577 61793
SPIRALE A               
1 33751U 09008C   09240.42020827 -.00000162  00000-0  10000-3 0  1228
2 33751   1.7272 223.3583 7149429 328.2680   3.6499  2.25838567  4440
SPIRALE B               
1 33752U 09008D   09242.65115080 -.00000108  00000-0  17223-2 0  1102
2 33752   1.7264 222.7987 7145815 329.4265   3.4694  2.25847316  4492
TACSAT 3                
1 35001U 09028A   09242.25279177  .00001567  00000-0  45154-4 0   842
2 35001  40.4552 157.6603 0025176 350.0131  10.0181 15.39083520 15769
