COSMOS 2361             
1 25590U 98076A   09078.73047126  .00000053  00000-0  41043-4 0  9876
2 25590  82.9360 181.1482 0031042 335.5198  24.4487 13.72700025512756
COSMOS 2378             
1 26818U 01023A   09077.89611862  .00000021  00000-0  71323-5 0  9810
2 26818  82.9268 208.8210 0031837 304.1535  55.6608 13.73731963389931
COSMOS 2389             
1 27436U 02026A   09078.73971401  .00000061  00000-0  47809-4 0  7085
2 27436  82.9523 148.7863 0045919 188.9242 171.1112 13.74730842341687
COSMOS 2398             
1 27818U 03023A   09078.96160395  .00000015  00000-0 -61855-6 0  5711
2 27818  82.9429  94.5611 0031592 158.8895 201.3578 13.71952672290013
COSMOS 2407             
1 28380U 04028A   09078.33655535  .00000007  00000-0 -86777-5 0  3851
2 28380  82.9562  57.3117 0037955 220.8459 138.9850 13.75840232233836
COSMOS 2414             
1 28521U 05002A   09078.66754836  .00000031  00000-0  13484-4 0  2962
2 28521  82.9472 124.7738 0038698 281.0613  78.6195 13.87343580210684
COSMOS 2429             
1 32052U 07038A   09079.24547511  .00000030  00000-0  14996-4 0  4816
2 32052  82.9836 165.4530 0038654 173.8968 186.2665 13.74690707 76340
