TRANSIT 16              
1 02807U 67048A   08210.08967459  .00000074  00000-0  10000-3 0   908
2 02807  89.6319 215.1435 0022135  90.9916 269.3770 13.49693513 26908
TRANSIT 17              
1 02965U 67092A   08210.90709419  .00000077  00000-0  10000-3 0  3921
2 02965  89.2785 146.7128 0046319 289.3263  70.2883 13.52402684 13421
TRANSIT 18              
1 03133U 68012A   08210.60491490  .00000075  00000-0  10000-3 0   459
2 03133  89.9883 287.2970 0075354 177.8879 182.2605 13.50507495988887
NNSS 19                 
1 04507U 70067A   08210.86062530  .00000082  00000-0  10693-3 0  6929
2 04507  89.8817 315.8856 0171240 299.2875  59.1261 13.50110477866050
NNSS O-20               
1 06909U 73081A   08211.18156820  .00000030  00000-0  21108-4 0  1122
2 06909  89.8553   2.7879 0158678 354.7127   5.2346 13.69719081934844
TRANSAT                 
1 10457U 77106A   08211.17849707  .00000072  00000-0  10000-3 0  7095
2 10457  89.6673 259.3158 0026988 116.6795 243.7121 13.48247776512444
NOVA I                  
1 12458U 81044A   08210.27640427  .00000050  00000-0  10000-3 0  5175
2 12458  90.1152 112.5986 0013617 323.7657  36.2553 13.22686377313021
NOVA 3                  
1 15362U 84110A   08209.96694823  .00000051  00000-0  10000-3 0  8233
2 15362  89.9639  51.5547 0031412 173.1534 187.0036 13.22464438148257
OSCAR 30                
1 15935U 85066A   08210.18151989  .00000032  00000-0  44266-4 0  2322
2 15935  90.0367  21.2535 0169711 339.3213  20.1117 13.35240143117464
OSCAR 24                
1 15936U 85066B   08210.40859261  .00000145  00000-0  25101-3 0  4857
2 15936  90.0282  18.6368 0169669 341.2758  18.2196 13.35141790119626
POLAR BEAR              
1 17070U 86088A   08210.24060688  .00000052  00000-0  43079-4 0  5169
2 17070  89.5670 124.7163 0038726 160.9672 199.2957 13.74318610 88140
OSCAR 27                
1 18361U 87080A   08211.08181997  .00000068  00000-0  10000-3 0  1481
2 18361  90.3029 223.0830 0107863  25.1872 335.4471 13.44054948 23220
OSCAR 29                
1 18362U 87080B   08210.59616451  .00000068  00000-0  10000-3 0  4073
2 18362  90.3035 223.1692 0109753  36.5273 324.3290 13.43683648 22944
OSCAR 23                
1 19070U 88033A   08209.50215530  .00000058  00000-0  10000-3 0  4722
2 19070  90.2450 176.9795 0190785 181.4938 178.5637 13.27080015980772
OSCAR 32                
1 19071U 88033B   08210.97734927  .00000058  00000-0  10000-3 0   122
2 19071  90.2439 177.0986 0188639 169.8648 190.6376 13.27292214981128
NOVA 11                 
1 19223U 88052A   08210.71319657  .00000050  00000-0  10000-3 0  1924
2 19223  90.0336  89.7237 0029076 214.4514 145.4734 13.22395385970893
OSCAR 25                
1 19419U 88074A   08210.46866842  .00000066  00000-0  10000-3 0  4021
2 19419  89.8978  34.3071 0096625 339.7264  20.0055 13.41786663975429
OSCAR 31                
1 19420U 88074B   08210.43537254  .00000066  00000-0  10000-3 0   714
2 19420  89.8979  34.2397 0094515 334.5250  25.1252 13.41846923975517
