SIRIUS-1                
1 26390U 00035A   08235.97581351  .00000085  00000-0  10000-3 0  3480
2 26390  61.8326 257.4594 2709929 270.5428  58.8865  1.00275012 29852
SIRIUS-2                
1 26483U 00051A   08236.63977200  .00000014  00000-0  10000-3 0   745
2 26483  63.6729 137.3207 2675267 269.7931  59.9671  1.00287899 29195
SIRIUS-3                
1 26626U 00077A   08237.30574725 -.00000132  00000-0  10000-3 0  2858
2 26626  63.8353  17.2130 2675678 269.9953  59.7247  1.00279957 28330
XM-2 (ROCK)             
1 26724U 01012A   08237.13724178 -.00000211  00000-0  10000-3 0  4509
2 26724   0.0962 271.1889 0000279 317.8149  67.9726  1.00271442 27318
XM-1 (ROLL)             
1 26761U 01018A   08237.13724072 -.00000211  00000-0  10000-3 0  2271
2 26761   0.0970 271.0597 0000547 196.1177 189.8412  1.00270644 26789
XM-3 (RHYTHM)           
1 28626U 05008A   08234.22700655 -.00000203  00000-0  10000-3 0  4930
2 28626   0.0044 186.6550 0000412 274.3159 225.5589  1.00270362 12799
XM-4 (BLUES)            
1 29520U 06049A   08237.29998736 -.00000031  00000-0  10000-3 0  2611
2 29520   0.0015 202.2707 0000316 219.8282 263.8791  1.00272760  6768
