LANDSAT 5               
1 14780U 84021A   09091.96900188 -.00000005  00000-0  89839-5 0  5089
2 14780  98.2491 160.2594 0002542  12.0266 348.0993 14.57090044334282
SPOT 2                  
1 20436U 90005A   09092.04897229  .00000145  00000-0  88533-4 0  2130
2 20436  98.6670 163.6793 0001277  88.3814  29.8972 14.20058548994889
ERS-2                   
1 23560U 95021A   09092.04756099 -.00000005  00000-0  14255-4 0  9563
2 23560  98.5584 168.2554 0001245  83.3016 276.8314 14.32242839729312
RADARSAT-1              
1 23710U 95059A   09092.09760041  .00000078  00000-0  47043-4 0   840
2 23710  98.5808  99.9715 0001037  89.3652 357.1162 14.29980330699937
TOMS EP                 
1 23940U 96037A   09092.10460222 -.00000111  00000-0 -16472-4 0   282
2 23940  98.0414 327.6061 0028685 229.9636 129.9040 14.52231055678382
MIDORI (ADEOS)          
1 24277U 96046A   09091.46944598 -.00000023  00000-0  75575-5 0   233
2 24277  98.3558  59.2449 0001675 103.6061 256.5307 14.28594363657978
ORBVIEW 2 (SEASTAR)     
1 24883U 97037A   09091.24710043  .00000049  00000-0  20081-4 0  7403
2 24883  98.3299 214.7042 0002571  79.4246 280.7246 14.59981935621219
IRS-1D                  
1 24971U 97057A   09092.03851640  .00000017  00000-0  20915-4 0  1607
2 24971  98.2458 131.8180 0054808 160.8126 199.5141 14.32947319601923
TRMM                    
1 25063U 97074A   09091.44224708  .00004272  00000-0  60738-4 0   289
2 25063  34.9648 126.1006 0001206 238.5085 121.5302 15.55728137648138
SPOT 4                  
1 25260U 98017A   09092.03724681  .00000126  00000-0  79497-4 0  9721
2 25260  98.7024 166.1302 0001523  94.1899  26.3874 14.20038571571528
FASAT B                 
1 25395U 98043B   09091.69367313  .00000048  00000-0  38632-4 0  4167
2 25395  98.3462 126.6853 0003808  71.5911 288.5681 14.24338239557556
TECHSAT 1B (GO-32)      
1 25397U 98043D   09092.07137601 -.00000096  00000-0 -24349-4 0  8582
2 25397  98.3330 118.4681 0002063 101.8795 258.2607 14.23156430557304
LANDSAT 7               
1 25682U 99020A   09092.07433551  .00000017  00000-0  13796-4 0  5940
2 25682  98.2125 161.1664 0001562  97.8637 262.2738 14.57105768529999
KITSAT 3                
1 25756U 99029A   09092.04647780 -.00000070  00000-0 -52679-5 0  8745
2 25756  98.6664 282.3828 0014730  47.0614 313.1824 14.52529543522108
DLR-TUBSAT              
1 25757U 99029B   09092.00554628 -.00000059  00000-0 -28898-5 0  6392
2 25757  98.6826 273.0717 0015352  73.6728 286.6154 14.50837190521663
IRS-P4 (OCEANSAT 1)     
1 25758U 99029C   09092.06490509  .00000206  00000-0  63418-4 0  1142
2 25758  98.2717 188.2802 0001487 102.2323 257.9044 14.50864476521829
QUIKSCAT                
1 25789U 99034A   09090.95545376 -.00000011  00000-0  13567-4 0  3935
2 25789  98.6348 281.1164 0001155  99.9112 260.2199 14.26784280509440
IKONOS 2                
1 25919U 99051A   09092.02200112  .00000074  00000-0  22891-4 0  7139
2 25919  98.1038 168.4643 0001086  64.0895 296.0432 14.64449552508919
CBERS 1 (ZY 1A)         
1 25940U 99057A   09092.24953020 -.00000007  00000-0  11976-4 0  6561
2 25940  98.1584 101.8420 0004364 323.1016  36.9866 14.34444703495927
TERRA                   
1 25994U 99068A   09092.02524623 -.00000009  00000-0  81020-5 0  5504
2 25994  98.2044 168.1638 0000607  90.9834 269.1437 14.57110679494063
ARIRANG 1 (KOMPSAT-1)   
1 26032U 99070A   09092.03489474  .00000044  00000-0  16582-4 0  7078
2 26032  97.9322 335.3764 0006197 110.6945 249.4925 14.65591014496333
EO-1                    
1 26619U 00075A   09092.05667820  .00000758  00000-0  16103-3 0  9208
2 26619  98.1449 160.5247 0009418 177.7686 182.3567 14.61836284445143
SAC C                   
1 26620U 00075B   09091.66320044  .00000058  00000-0  22528-4 0  6805
2 26620  97.9182 128.2710 0000904  96.8484 263.2813 14.56559456444532
EROS A1                 
1 26631U 00079A   09092.19314037  .00000710  00000-0  38416-4 0  6702
2 26631  97.4936 158.2528 0007814 246.6407 195.7724 15.17850500462995
QUICKBIRD 2             
1 26953U 01047A   09092.23179119  .00001968  00000-0  51393-4 0  8998
2 26953  97.1504 170.6061 0002046 104.4803 289.1533 15.39975147418922
TES                     
1 26957U 01049A   09092.16521348  .00000333  00000-0  30550-4 0  9382
2 26957  97.5668 171.8645 0024463  85.0312 275.3715 15.01044836407803
JASON 1                 
1 26997U 01055A   09090.45210509 -.00000038  00000-0  10000-3 0    74
2 26997  66.0426 231.9411 0007499 267.4274  92.5882 12.80930757342084
METEOR-3M               
1 27001U 01056A   09090.68868871  .00000001  00000-0  50710-4 0  3826
2 27001  99.2728 309.3051 0013074 238.5467 121.4401 13.68710674364919
BADR-B                  
1 27003U 01056C   09090.69436384  .00000116  00000-0  17993-3 0  2617
2 27003  99.2610 315.4884 0019634 241.9865 117.9270 13.70098529365344
MAROC-TUBSAT            
1 27004U 01056D   09090.66981776  .00000023  00000-0  74373-4 0  2775
2 27004  99.2577 314.8327 0019277 242.7365 117.1813 13.70026521365314
ENVISAT                 
1 27386U 02009A   09091.74661935 -.00000007  00000-0  13375-4 0  8380
2 27386  98.5405 160.2118 0001012 103.6865 256.4427 14.32251427370552
SPOT 5                  
1 27421U 02021A   09092.06368394  .00000021  00000-0  30634-4 0  8970
2 27421  98.7787 165.6146 0000655 101.3892 258.7358 14.20005521358366
AQUA                    
1 27424U 02022A   09092.04757921  .00001552  00000-0  35456-3 0  2330
2 27424  98.2303  35.6528 0000947  49.9667 310.1741 14.57113272367675
HAIYANG-1A              
1 27430U 02024A   09091.22350493  .00000027  00000-0  27254-4 0   287
2 27430  98.4866 159.3236 0008566 311.0283  49.0156 14.29694223359072
ALSAT 1                 
1 27559U 02054A   09092.21124143  .00000048  00000-0  18176-4 0  1987
2 27559  97.9563 329.3914 0010072 320.8797  39.1677 14.63008317338589
MIDORI II (ADEOS-II)    
1 27597U 02056A   09092.08594788 -.00000037  00000-0  23894-5 0  8207
2 27597  98.4796 159.0104 0001373 110.0161 250.1172 14.26159190327940
ICESAT                  
1 27642U 03002A   09091.86096352 -.00000238  00000-0 -22835-4 0  1759
2 27642  93.9983 254.0127 0002763  94.3786 265.7760 14.90869861338290
ORBVIEW 3               
1 27838U 03030A   09092.19940831  .00001462  00000-0  38094-4 0  4401
2 27838  97.0644 153.5489 0001564  64.2251  19.0589 15.40414845323704
IRS-P6 (RESOURCESAT-1)  
1 28051U 03046A   09092.38162837  .00000012  00000-0  25562-4 0  4540
2 28051  98.7177 169.1766 0002371  28.8780 331.2528 14.21625560283345
CBERS 2 (ZY 1B)         
1 28057U 03049A   09092.06939047 -.00000020  00000-0  76289-5 0  2472
2 28057  98.2903 147.2462 0001301 172.7100 187.4125 14.34903518285487
TANSUO 1                
1 28220U 04012A   09091.42584484  .00000341  00000-0  41985-4 0  1608
2 28220  97.5029 132.9545 0013044  88.0374 272.2335 14.88629540268994
FORMOSAT-2 (ROCSAT 2)   
1 28254U 04018A   09092.06702756  .00000107  00000-0  10000-3 0  5401
2 28254  98.8666 154.1223 0003233 126.0702 346.5449 14.00836353248869
AURA                    
1 28376U 04026A   09091.70981700  .00000050  00000-0  21185-4 0  4631
2 28376  98.2327  37.4731 0000798  57.8863 302.2394 14.57110144250676
PARASOL                 
1 28498U 04049G   09092.04919449  .00000117  00000-0  36079-4 0  3765
2 28498  98.2670  35.5133 0001068  92.7882 267.3446 14.57093957227997
IRS-P5 (CARTOSAT-1)     
1 28649U 05017A   09092.22036247  .00000055  00000-0  13343-4 0  4294
2 28649  97.8716 166.4419 0000911  48.2147 311.9150 14.82661019211605
TOPSAT                  
1 28891U 05043B   09092.28968031  .00000003  00000-0  10191-4 0  8614
2 28891  98.0608 344.3174 0016307 223.3120 136.6803 14.59755689182790
SINAH 1                 
1 28893U 05043D   09092.21279007  .00000013  00000-0  12118-4 0  8002
2 28893  98.0638 345.0871 0014745 223.6042 136.4004 14.60069113182824
ALOS (DAICHI)           
1 28931U 06002A   09092.04889551  .00000058  00000-0  21799-4 0  5936
2 28931  98.1929 168.1242 0001246  96.0127 264.1221 14.59552570169798
EROS B                  
1 29079U 06014A   09092.07747228  .00001125  00000-0  52434-4 0  3237
2 29079  97.4327 213.9556 0006100 308.9773 155.5769 15.21932947162949
RSS-1 (YAOGAN 1)        
1 29092U 06015A   09092.18133370  .00000031  00000-0  10708-4 0  2896
2 29092  97.8369  88.1165 0001893  64.7807 295.3601 14.80309722158521
RESURS-DK 1             
1 29228U 06021A   09092.16090207  .00000485  00000-0  14117-4 0  1567
2 29228  69.9356 214.7344 0165019 293.6195  64.7746 15.32198486156682
ARIRANG 2 (KOMPSAT-2)   
1 29268U 06031A   09092.19226003  .00000070  00000-0  23276-4 0  9946
2 29268  98.0503 346.8658 0018762  28.1970 332.0245 14.61698486142981
LAPAN-TUBSAT            
1 29709U 07001A   09092.42455744 -.00000005  00000-0  60606-5 0  4679
2 29709  97.8218 150.0083 0013465 165.1467 195.0139 14.80246446120279
CARTOSAT-2 (IRS-P7)     
1 29710U 07001B   09092.19126500  .00000015  00000-0  89618-5 0  4708
2 29710  97.8904 154.2498 0000324  18.2687 341.8541 14.78651972120157
HAIYANG-1B              
1 31113U 07010A   09092.20118921  .00000212  00000-0  10000-3 0  2049
2 31113  98.5493 167.2419 0012813 290.8023  69.1767 14.29418582103080
COSMO-SKYMED 1          
1 31598U 07023A   09092.17987945 -.00000004  00000-0  60623-5 0   378
2 31598  97.8672 282.2550 0001133  79.2438 280.8897 14.82168775 98369
TERRASAR-X              
1 31698U 07026A   09092.19634622 -.00000163  00000-0 -45630-5 0    36
2 31698  97.4457 100.6842 0001528  84.6820  45.3334 15.19150342 99731
WORLDVIEW-1 (WV-1)      
1 32060U 07041A   09092.20606477  .00000487  00000-0  22719-4 0  7188
2 32060  97.4332 170.2712 0002121  75.2067   7.9753 15.24492244 85511
CBERS 2B                
1 32062U 07042A   09092.02768860 -.00000004  00000-0  13782-4 0  7137
2 32062  98.4881 169.1627 0001533  82.3546 277.7817 14.35439867 80473
COSMO-SKYMED 2          
1 32376U 07059A   09092.01111703  .00000007  00000-0  73675-5 0  4586
2 32376  97.8669 282.0882 0001263  83.1578 276.9778 14.82167861 71088
RADARSAT-2              
1 32382U 07061A   09092.06420672  .00000040  00000-0  32469-4 0  4356
2 32382  98.5806 100.7888 0001016  88.0979 354.5233 14.29982674 67816
CARTOSAT-2A             
1 32783U 08021A   09092.01842332  .00000063  00000-0  15744-4 0   374
2 32783  97.9558 155.3590 0014748 302.9003  57.0793 14.78669479 50071
IMS-1                   
1 32786U 08021D   09091.23535351  .00000161  00000-0  28247-4 0  3352
2 32786  97.9551 155.1791 0011680 280.1984  79.7907 14.80051093 50006
JASON 2 (OSTM)          
1 33105U 08032A   09091.50334902 -.00000061  00000-0  00000+0 0  2697
2 33105  66.0422 230.1573 0007476 272.1447  87.8713 12.80930710 36527
RAPIDEYE 2              
1 33312U 08040A   09092.05428148 -.00000123  00000-0 -92399-5 0  6853
2 33312  97.9749 177.8188 0012464   5.1767 354.9577 14.79893035 31948
RAPIDEYE 5              
1 33313U 08040B   09092.01213506  .00000035  00000-0  11697-4 0  6817
2 33313  97.9759 177.1158 0017237 226.2278 133.7504 14.79899372 31882
RAPIDEYE 1              
1 33314U 08040C   09092.06806828  .00000029  00000-0  10928-4 0  7290
2 33314  97.9747 177.9445 0025581  12.6217 347.5637 14.79922399 31932
RAPIDEYE 3              
1 33315U 08040D   09092.03954251 -.00000048  00000-0  69153-6 0  6604
2 33315  97.9730 177.3447 0011476 308.9024  51.1166 14.79894224 31891
RAPIDEYE 4              
1 33316U 08040E   09092.02544592  .00000142  00000-0  25775-4 0  6623
2 33316  97.9733 177.2052 0011305 246.0185 113.9833 14.79893282 31887
HJ-1A                   
1 33320U 08041A   09092.02175999  .00000079  00000-0  19249-4 0  6347
2 33320  97.9860 168.6222 0024344 328.9049  31.0721 14.75130597 30662
HJ-1B                   
1 33321U 08041B   09092.19115705  .00000033  00000-0  12683-4 0  6452
2 33321  97.9876 168.7521 0042908 339.4028  20.5457 14.75133256 30678
GEOEYE 1                
1 33331U 08042A   09092.39627827  .00000436  00000-0  91296-4 0  6284
2 33331  98.1025 168.3852 0009899 322.2269  37.8211 14.64457636 30386
THEOS                   
1 33396U 08049A   09092.18387340 -.00000044  00000-0  51000-9 0  2198
2 33396  98.7525 160.3024 0000964  78.9940 281.1345 14.20012763 25999
COSMO-SKYMED 3          
1 33412U 08054A   09092.06598008  .00000008  00000-0  75122-5 0  4867
2 33412  97.8669 282.1416 0001138  80.6274 279.5064 14.82169291 23555
YAOGAN 4                
1 33446U 08061A   09092.42523079 -.00000050  00000-0  00000+0 0  3761
2 33446  97.9059 175.0679 0012542 273.5865  86.3905 14.75709467 18028
YAOGAN 5                
1 33456U 08064A   09092.20695508  .00000484  00000-0  22308-4 0  3476
2 33456  97.3785 168.3814 0005170 288.2376 152.9616 15.24892088 16477
