GOES 9                  
1 23581U 95025A   08167.43848623 -.00000113  00000-0  10000-3 0  6199
2 23581   4.3841  75.1469 0006234 292.0079  67.5906  0.98802399 47807
SARSAT 7 (NOAA 15)      
1 25338U 98030A   08167.53151701 -.00000056  00000-0 -56835-5 0  5043
2 25338  98.5537 159.4322 0011596  50.7235 309.4991 14.24706991524560
GOES 11                 
1 26352U 00022A   08167.41930575  .00000102  00000-0  00000+0 0  8450
2 26352   0.4422  86.2812 0001926 116.7630  76.6332  1.00274620 29720
COSPAS 9 (NADEZHDA 6)   
1 26384U 00033A   08167.48292603  .00000093  00000-0  27383-4 0  3527
2 26384  98.4217 184.3096 0015083 281.8360  78.1174 14.64056955425297
SARSAT 8 (NOAA 16)      
1 26536U 00055A   08167.50709752  .00000123  00000-0  91582-4 0  9747
2 26536  99.1558 156.6467 0009771 227.3173 132.7169 14.12486142398535
GOES 12                 
1 26871U 01031A   08167.22448153 -.00000237  00000-0  00000+0 0  5965
2 26871   0.0282 233.0239 0004371 190.1642 206.2534  1.00281147 25326
SARSAT 9 (NOAA 17)      
1 27453U 02032A   08167.43628067  .00000148  00000-0  82994-4 0  9658
2 27453  98.5349 232.1137 0012885 112.1780 248.0812 14.23981169310557
INSAT 3A                
1 27714U 03013A   08166.83437068 -.00000246  00000-0  10000-3 0  1324
2 27714   0.0252 252.9481 0000398 245.1148 159.2807  1.00273238 19017
SARSAT 10 (NOAA 18)     
1 28654U 05018A   08167.42204778 -.00000193  00000-0 -82304-4 0  4671
2 28654  98.8667 108.3736 0013786 323.0689  36.9527 14.11168946158226
MSG-2                   
1 28912U 05049B   08166.02750537  .00000006  00000-0  00000+0 0  3854
2 28912   0.5213 233.5227 0011802 117.9509 281.0074  1.00267140  9151
SARSAT 11 (METOP-A)     
1 29499U 06044A   08167.73841944 -.00000160  00000-0 -53139-4 0  5214
2 29499  98.7231 226.8265 0001311  98.4184 261.7142 14.21478653 85957
