AOR-E (EGNOS/PRN 120)   
1 24307U 96053A   08196.66324721 -.00000114  00000-0  10000-3 0  3900
2 24307   0.0803 336.8584 0005506 111.3287  67.9475  1.00272182 43407
IOR-W (EGNOS/PRN 126)   
1 25153U 98006B   08198.20832789  .00000149  00000-0  10000-3 0  1130
2 25153   0.4492 344.0291 0003186 133.4904 276.8576  1.00273127 38300
ARTEMIS (EGNOS/PRN 124) 
1 26863U 01029A   08197.90282200  .00000130  00000-0  10000-3 0  5078
2 26863   6.6152  73.8764 0002777  56.4853 150.2132  1.00276748 26777
MTSAT-1R (MSAS/PRN 129) 
1 28622U 05006A   08197.36763231 -.00000273  00000-0  10000-3 0  7037
2 28622   0.0708 113.1444 0001636 205.3442 247.4061  1.00266323 12371
ANIK F1R (WAAS/PRN 138) 
1 28868U 05036A   08197.44060031 -.00000066  00000-0  00000+0 0  5155
2 28868   0.0124 129.6854 0002252 312.8400 262.4347  1.00272230 10517
GALAXY 15 (WAAS/PRN 135)
1 28884U 05041A   08198.38643598  .00000087  00000-0  10000-3 0  4682
2 28884   0.0177  38.6249 0002643  83.6537 178.3969  1.00272610 10111
MTSAT-2 (MSAS/PRN 137)  
1 28937U 06004A   08198.48065297 -.00000236  00000-0  10000-3 0  4403
2 28937   0.0321  38.8813 0002534  46.1170 167.6831  1.00268480  8864
