ALOUETTE 1 (S-27)       
1 00424U 62049A   08237.17000070  .00000012  00000-0  35585-5 0  9462
2 00424  80.4627 208.5908 0024383  90.6278 269.7659 13.68699281291068
IUE                     
1 10637U 78012A   08236.26580562 -.00000286  00000-0  10000-3 0  4152
2 10637  42.6075  19.2734 1558754 147.7947 222.8134  1.00075567 64477
IRAS                    
1 13777U 83004A   08237.56989143 -.00000266  00000-0 -15000-3 0  5930
2 13777  99.0764  67.3382 0018870 324.1140  35.8753 14.00063903976098
EXOS D (AKEBONO)        
1 19822U 89016A   08238.16121913  .00004896  35813-6  16526-3 0  9683
2 19822  75.1006 174.8653 2725639 275.9812  54.0687  9.94420286565959
INTERCOSMOS 24          
1 20261U 89080A   08238.20782227  .00000002  00000-0 -22329-6 0  8207
2 20261  82.5935 290.1320 1214437 299.9131  48.6715 12.53387052862506
COBE                    
1 20322U 89089A   08237.53688289 -.00000289  00000-0 -15368-3 0  6996
2 20322  98.9804 236.8651 0007957 226.7336 133.3167 14.04353571961538
HST                     
1 20580U 90037B   08237.19247571  .00000295  00000-0  99404-5 0  2068
2 20580  28.4690 239.6690 0003556  28.7444 331.3340 15.00401562805205
ROSAT                   
1 20638U 90049A   08237.54813134  .00002751  00000-0  43620-4 0  4528
2 20638  52.9943  79.1317 0005211  83.0874 277.0730 15.57360168 13552
CRRES                   
1 20712U 90065A   08236.99195070  .00000237  00000-0  34181-4 0  7587
2 20712  17.6566 203.2506 7121887 188.4704 145.2809  2.42618740149871
SARA                    
1 21578U 91050E   08237.43734341  .00000064  00000-0  27484-4 0  3114
2 21578  98.1838 210.0231 0005370  19.1478 340.9921 14.50372186901405
UARS                    
1 21701U 91063B   08237.80737948  .00003312  00000-0  54263-4 0  4477
2 21701  56.9720 221.7355 0078058 318.2349  41.2781 15.52445430933152
SAMPEX                  
1 22012U 92038A   08237.66695389  .00001076  00000-0  26934-4 0  6833
2 22012  81.6368 281.2333 0046513 230.6667 129.0443 15.37845212888827
ORBVIEW 1 (MICROLAB)    
1 23547U 95017C   08237.29463933  .00000047  00000-0  25633-4 0  5868
2 23547  69.9803 185.9600 0013300 318.6447  41.3692 14.55403522709414
XTE                     
1 23757U 95074A   08237.63557641  .00000813  00000-0  12986-4 0  6850
2 23757  22.9819 347.8782 0008337 237.2175 122.7533 15.26854464700380
FAST                    
1 24285U 96049A   08237.24328699  .00001890  00000-0  16422-3 0  7008
2 24285  82.9689 207.7965 2002328  11.5471 352.5198 11.25646115485111
TRACE                   
1 25280U 98020A   08238.14519441  .00000568  00000-0  51999-4 0  9385
2 25280  97.7132  85.4193 0022128 164.5010 195.6884 14.98698207566710
SAFIR 2                 
1 25399U 98043F   08237.31133517 -.00000137  00000-0 -41640-4 0  1215
2 25399  98.3714 275.7736 0001833   9.7883 350.3344 14.23917720526101
SWAS                    
1 25560U 98071A   08237.61208483 -.00000006  00000-0  88933-5 0  7334
2 25560  69.9012  23.1466 0010991 311.5885  48.4322 14.86782550526282
ASTRID 2                
1 25568U 98072B   08237.51822051  .00000049  00000-0  36804-4 0  8320
2 25568  82.9478 197.8186 0025136 155.0329 205.2052 13.71954853485984
ORSTED                  
1 25635U 99008B   08237.30288830  .00000004  00000-0  84636-5 0  4406
2 25635  96.4742 132.8688 0144848  53.0894 308.3478 14.45769737500842
SUNSAT                  
1 25636U 99008C   08237.43201594  .00000022  00000-0  13186-4 0   916
2 25636  96.4760 126.7308 0149622  81.6124 280.2008 14.43440384500290
WIRE                    
1 25646U 99011A   08237.86181909  .00003382  00000-0  53371-4 0  5787
2 25646  97.2993 130.7791 0008911 132.8332 227.3671 15.54227172529014
ABRIXAS                 
1 25721U 99022A   08237.89502707  .00000162  00000-0  22002-4 0  3642
2 25721  48.4395  19.8985 0020817 277.9480  81.9087 15.19929285515383
TERRIERS                
1 25735U 99026A   08237.57915717  .00000259  00000-0  13610-4 0  5087
2 25735  97.2649 114.8087 0008186  32.2992 327.8745 15.23729670513715
FUSE                    
1 25791U 99035A   08237.63007008  .00000122  00000-0 -17472-4 0  2572
2 25791  24.9865 345.8867 0009880  40.6837 319.4379 14.41773574483558
CXO                     
1 25867U 99040B   08233.66666667  .00000192  00000-0  10000-3 0  2354
2 25867  64.0690  78.7031 6952793 278.2667 356.2363  0.37808290  3873
CLEMENTINE              
1 25978U 99064B   08237.25077754 -.00000278  00000-0 -25518-4 0  4322
2 25978  98.1810 298.1151 0010892  17.9261 342.2365 14.85377099471834
XMM                     
1 25989U 99066A   08234.87500000  .00000385  00000-0  10000-3 0  5671
2 25989  57.4649 103.9177 5810867 117.4275 356.2939  0.50128137  4738
TERRA                   
1 25994U 99068A   08238.14494552  .00000075  00000-0  26764-4 0  8929
2 25994  98.2064 311.3203 0000862 111.5185 248.6119 14.57110228462049
ACRIMSAT                
1 26033U 99070B   08237.23875273  .00000025  00000-0  14539-4 0  4657
2 26033  98.0121 124.3247 0029737  49.6057 310.7729 14.60509471462209
IMAGE                   
1 26113U 00017A   08236.81397081  .00000068  00000-0  00000+0 0  6830
2 26113  91.7572 209.4510 7601355 319.1320   3.8170  1.68633702 51813
CLUSTER II/FM7          
1 26410U 00041A   08237.16666667  .00000143  00000-0  00000-0 0  2320
2 26410 104.7757 184.3963 8027980  34.6632 357.2070  0.42032444  3356
CLUSTER II/FM6          
1 26411U 00041B   08237.20833333  .00000141  00000-0  00000-0 0  2465
2 26411 104.7533 184.4124 8024538  34.6994 358.2214  0.42041818  3442
CLUSTER II/FM5          
1 26463U 00045A   08237.08333333  .00000115  00000-0  00000-0 0  2334
2 26463 107.4784 187.3936 7916130  31.9517 359.9565  0.42129315  3938
CLUSTER II/FM8          
1 26464U 00045B   08235.08333333 -.00000047  00000-0  00000-0 0  2237
2 26464 100.7257 179.0650 7927256  30.2808  61.4399  0.42129066  3312
MEGSAT-1                
1 26546U 00057B   08237.58035247 -.00000100  00000-0  62612-5 0  4729
2 26546  64.5583 269.5296 0036481 309.1522  50.6350 14.84121547428166
HETE-2                  
1 26561U 00061A   08236.39268007  .00000923  00000-0  10076-4 0  3458
2 26561   1.9511 260.3608 0023748 278.5858  81.1717 14.95930750430433
MUNIN                   
1 26621U 00075C   08237.53085944 -.00000640  00000-0 -57257-3 0  3598
2 26621  95.4049  32.7663 0717821  78.9473 289.1466 13.03674441369053
ODIN                    
1 26702U 01007A   08237.11055036 -.00000473  00000-0 -37388-4 0  4754
2 26702  97.7295 255.8375 0004823  30.0012 330.1537 14.95655857409051
TIMED                   
1 26998U 01055B   08236.38075170 -.00000036  00000-0 -31835-7 0   994
2 26998  74.0712 218.9519 0000834 353.6246   6.4884 14.84015141363344
RHESSI                  
1 27370U 02004A   08238.03429896  .00000230  00000-0  25396-4 0  8642
2 27370  38.0384  76.9211 0014048 124.9917 235.2164 15.01935585359184
INTEGRAL                
1 27540U 02048A   08236.83333333  .00000177  00000-0  10000-3 0  7212
2 27540  87.0635  14.3208 8115735 270.9284   1.0456  0.33406327  3309
FEDSAT                  
1 27598U 02056B   08237.73155866 -.00000177  00000-0 -54363-4 0  5757
2 27598  98.4255 294.7320 0009601  32.3224 327.8533 14.27991386296935
WEOS                    
1 27599U 02056C   08238.24538347 -.00000072  00000-0 -11903-4 0  5852
2 27599  98.4442 299.6698 0010522  42.0808 318.1176 14.28535940297114
MICRO LABSAT            
1 27600U 02056D   08237.20899288 -.00000069  00000-0 -10662-4 0  5637
2 27600  98.4369 298.3918 0011560  48.6058 311.6124 14.28839517297037
CORIOLIS                
1 27640U 03001A   08237.43679023 -.00000151  00000-0 -52043-4 0  5811
2 27640  98.7495 241.5780 0014100 183.6793 176.4294 14.18318483291593
CHIPSAT                 
1 27643U 03002B   08237.36835754 -.00000296  00000-0 -24421-4 0  8476
2 27643  94.0186 155.4107 0013977 100.8708 259.4108 14.97136887306558
SORCE                   
1 27651U 03004A   08237.65557719  .00000085  00000-0  26418-4 0  6886
2 27651  39.9962 149.2188 0024891  85.0798 275.2834 14.82095036302289
GALEX                   
1 27783U 03017A   08237.44972714  .00000129  00000-0  49928-5 0  4743
2 27783  29.0003 264.8274 0003706  64.8864 295.2114 14.59695330284382
MOST                    
1 27843U 03031D   08237.09774830 -.00000009  00000-0  16524-4 0  3816
2 27843  98.7204 243.1623 0009131 291.6497  68.3706 14.20099822267012
QUAKESAT                
1 27845U 03031F   08237.13532656  .00000042  00000-0  39967-4 0  3598
2 27845  98.7224 243.8397 0008501 303.1063  56.9301 14.20212995267000
AAU CUBESAT             
1 27846U 03031G   08237.59145902 -.00000006  00000-0  17556-4 0  3011
2 27846  98.7112 245.9017 0008600 260.8289  99.1878 14.20944075267221
SCISAT 1                
1 27858U 03036A   08237.66100063 -.00000023  00000-0  16969-5 0  5329
2 27858  73.9340  44.5465 0008411 174.5000 185.6263 14.74772625271003
KAISTSAT                
1 27945U 03042G   08237.20444920 -.00000045  00000-0  27446-6 0  5019
2 27945  97.9867 117.1868 0012400   2.3504 357.7750 14.63113326262158
GP-B                    
1 28230U 04014A   08237.21402895 -.00000010  00000-0 -37097-5 0  3038
2 28230  89.9563 159.7233 0003514  91.8421 268.3215 14.75929601233970
DEMETER                 
1 28368U 04025C   08238.16061914 -.00000027  00000-0  34711-5 0  7716
2 28368  97.9602 304.0104 0001362  90.0055 270.1334 14.70221173222223
DOUBLESTAR (TC-2)       
1 28382U 04029A   08237.37325683  .00000058  00000-0  41587-3 0  8579
2 28382  88.8192 338.3843 7407410 340.1433   2.0002  2.11661801 31367
SWIFT                   
1 28485U 04047A   08237.67833427  .00000506  00000-0  96596-5 0   871
2 28485  20.5554  77.4424 0013948 331.4185  28.5505 14.92428695205314
SUZAKU                  
1 28773U 05025A   08236.77860143  .00000310  00000-0  18170-4 0  8123
2 28773  31.4059 352.7657 0006299 189.6899 170.3621 15.00652299171493
ASTRO-F (AKARI)         
1 28939U 06005A   08237.63287208  .00000037  00000-0  18250-4 0  7840
2 28939  98.2402 237.6625 0009098  26.7388 333.4276 14.57483365132896
FORMOSAT 3A             
1 29047U 06011A   08237.22101968 -.00000002  00000-0  15927-4 0  7516
2 29047  71.9806 265.6541 0053273 294.2010  65.3519 14.27068533125367
FORMOSAT 3B             
1 29048U 06011B   08237.81509792  .00000389  00000-0  17471-3 0  7869
2 29048  71.9699 180.2544 0046609 244.3830 115.2462 14.27054303127920
FORMOSAT 3C             
1 29049U 06011C   08236.92159833  .00000361  00000-0  16364-3 0  7273
2 29049  72.0238 329.4627 0037181 309.7569  50.0277 14.27067761123570
FORMOSAT 3D             
1 29050U 06011D   08237.32783587  .00001096  00000-0  26646-3 0    70
2 29050  72.0109 174.3990 0054154 218.8741 140.8403 14.53918885128092
FORMOSAT 3E             
1 29051U 06011E   08238.00439199  .00000372  00000-0  16522-3 0  7877
2 29051  72.0053 236.7842 0070046 177.7745 182.3710 14.27066086126318
FORMOSAT 3F             
1 29052U 06011F   08237.35090860  .00000359  00000-0  16273-3 0  8052
2 29052  72.0380 299.1472 0042830 280.1205  79.5036 14.27079167124527
CLOUDSAT                
1 29107U 06016A   08237.20454613 -.00000012  00000-0  73965-5 0  7668
2 29107  98.2353 179.1829 0001206  70.9846 289.1487 14.57100196123628
CALIPSO                 
1 29108U 06016B   08237.20475151  .00000042  00000-0  19389-4 0  7558
2 29108  98.2351 179.2353 0001272  81.4678 278.6676 14.57100579123609
HINODE (SOLAR-B)        
1 29479U 06041A   08238.23266780  .00000009  00000-0  11053-4 0  6290
2 29479  98.0824 242.8529 0014338 245.5398 114.4308 14.62848539102713
SJ-6C                   
1 29505U 06046A   08238.07831966  .00000314  00000-0  37585-4 0   843
2 29505  97.6919 246.6400 0003389   3.0658 357.0565 14.90604877 99972
SJ-6D                   
1 29506U 06046B   08238.11326586 -.00000248  00000-0 -20229-4 0   852
2 29506  97.6928 246.0254 0003344  45.4617 314.6883 14.89909982 99931
COROT                   
1 29678U 06063A   08237.74623820  .00000160  00000-0  10527-3 0  5507
2 29678  89.9185  14.5511 0005868  24.8313 335.3145 13.98065639 84690
AIM                     
1 31304U 07015A   08237.33556709 -.00000407  00000-0 -34579-4 0  4565
2 31304  97.7978 334.9990 0012687 121.6339 238.6116 14.91928602 72532
GLAST                   
1 33053U 08029A   08237.92195458  .00000278  00000-0  00000+0 0   588
2 33053  25.5823 184.2756 0013941 343.5999  16.4103 15.04861940 11201
