ISS (ZARYA)             
1 25544U 98067A   08211.19877315  .00006090  00000-0  48647-4 0  9474
2 25544  51.6414 160.4195 0009944   8.6450 186.8090 15.72711471555146
ATV-1 (JULES VERNE)     
1 32686U 08008A   08209.70446759  .00005723  00000-0  46042-4 0  1979
2 32686  51.6414 168.0780 0009745   2.7698   6.6363 15.72689984554912
SOYUZ-TMA 12            
1 32756U 08015A   08209.70446759  .00005723  00000-0  46042-4 0   930
2 32756  51.6414 168.0780 0009745   2.7698   6.6363 15.72689984554910
PROGRESS-M 64           
1 32847U 08023A   08209.70446759  .00005723  00000-0  46042-4 0   592
2 32847  51.6414 168.0780 0009745   2.7698   6.6363 15.72689984554911
