LANDSAT 4               
1 13367U 82072A   09080.31317071 -.00000644  00000-0 -43568-4 0   334
2 13367  98.1871 350.4292 0017492 274.2973  85.6249 15.02157563431320
TDRS 1                  
1 13969U 83026B   09078.27957851 -.00000298  00000-0  10000-3 0  8358
2 13969  13.2710   9.9590 0023462 240.8724 337.8808  1.00275703 68095
LANDSAT 5               
1 14780U 84021A   09080.77570796  .00000021  00000-0  14761-4 0  4687
2 14780  98.2512 149.1702 0003180  39.9563 320.1869 14.57088966332652
ERBS                    
1 15354U 84108B   09080.37897634  .00000545  00000-0  43547-4 0   591
2 15354  56.9878 157.8032 0012123 257.6032 102.3648 15.15727042338746
TDRS 3                  
1 19548U 88091B   09078.38613382  .00000000  00000-0  10000-3 0  2202
2 19548  11.6692  40.8126 0024483 311.7888  48.0236  1.00262437 62244
TDRS 4                  
1 19883U 89021B   09079.84597816 -.00000280  00000-0  10000-3 0  5443
2 19883  10.3113  52.8176 0003496 278.4571 105.9905  1.00275399245832
HST                     
1 20580U 90037B   09080.05459306  .00000428  00000-0  20255-4 0  3528
2 20580  28.4703 317.3159 0004606  85.5017 274.6101 15.00466101836600
TDRS 5                  
1 21639U 91054B   09079.41729207  .00000107  00000-0  10000-3 0  4141
2 21639   9.6558  56.6487 0008613 308.6478 155.5938  1.00281950 64570
UARS                    
1 21701U 91063B   09080.36958654  .00005660  00000-0  81266-4 0  6220
2 21701  56.9725  29.4826 0077755   5.9631 354.2334 15.54435484965561
TOPEX/POSEIDON          
1 22076U 92052A   09079.94403772 -.00000038  00000-0  10000-3 0  3480
2 22076  66.0331 254.0078 0007739 265.6733  94.3397 12.80946795776941
TDRS 6                  
1 22314U 93003B   09077.17441697  .00000092  00000-0  10000-3 0  4416
2 22314   8.9949  59.7664 0005582 324.5458  43.4783  1.00283475 59273
TDRS 7                  
1 23613U 95035B   09079.39989047  .00000120  00000-0  10000-3 0  4825
2 23613  10.8491  49.1688 0004411 332.0364 150.3446  1.00262774 50105
RXTE (XTE)              
1 23757U 95074A   09080.65544850  .00001106  00000-0  23539-4 0  8288
2 23757  22.9855 299.0190 0008203 328.4596  31.5444 15.27144663732379
TRMM                    
1 25063U 97074A   09080.72852047  .00003340  00000-0  46923-4 0   196
2 25063  34.9652 196.9797 0000734 319.1582  40.9093 15.56146814646460
KIKU-7 (ETS-VII)        
1 25064U 97074B   09080.81615842  .00000363  00000-0  15596-4 0  7648
2 25064  34.9594 223.5091 0003315 257.9644 102.0699 15.25079048627669
ISS (ZARYA)             
1 25544U 98067A   09080.66512731  .00032877  00000-0  25427-3 0  5084
2 25544  51.6407  35.3843 0009144 143.0560 209.1519 15.71522720592171
LANDSAT 7               
1 25682U 99020A   09080.81248195 -.00000063  00000-0 -39260-5 0  5552
2 25682  98.2150 150.0582 0001402 108.9159 251.2186 14.57104184528354
FUSE 1                  
1 25791U 99035A   09079.56246011  .00000182  00000-0  55137-6 0  3992
2 25791  24.9864 151.2111 0010305  65.3452 294.8183 14.41789570513599
TERRA                   
1 25994U 99068A   09080.83209831 -.00000005  00000-0  88655-5 0  5160
2 25994  98.2066 157.1354 0000787  83.4123 276.7154 14.57108778492433
TDRS 8                  
1 26388U 00034A   09080.02521889 -.00000226  00000-0  10000-3 0  9182
2 26388   1.2060 115.1862 0004223 234.5729 287.2312  1.00271303 32046
EO-1                    
1 26619U 00075A   09080.83119568 -.00000641  00000-0 -11898-3 0  8851
2 26619  98.1456 149.4629 0008777 213.0643 146.9978 14.61830583443501
TIMED                   
1 26998U 01055B   09079.83031693  .00000159  00000-0  23333-4 0  2461
2 26998  74.0743 164.7581 0002191 280.7673  79.3261 14.84059519394414
TDRS 9                  
1 27389U 02011A   09079.38637662 -.00000287  00000-0  10000-3 0  3591
2 27389   2.5433 236.5880 0006752 133.4194 244.9205  1.00267327 27299
AQUA                    
1 27424U 02022A   09080.51103572  .00000132  00000-0  39401-4 0  2187
2 27424  98.2346  24.2502 0001230  57.8768 302.2545 14.57101376365993
TDRS 10                 
1 27566U 02055A   09077.92713755 -.00000271  00000-0  00000-0 0   699
2 27566   1.3133 280.0174 0003287  81.4074 107.9634  1.00265762 23100
SORCE                   
1 27651U 03004A   09079.86793082  .00000019  00000-0  18230-4 0  8577
2 27651  39.9959  80.7731 0025892  92.1973 268.1790 14.82159248333185
GALEX                   
1 27783U 03017A   09080.34648587  .00000215  00000-0  22704-4 0  6275
2 27783  28.9995  73.6159 0003727 308.1683  51.8533 14.59735312314935
GP-B                    
1 28230U 04014A   09079.76238641 -.00000022  00000-0 -54225-5 0  4631
2 28230  89.9494 158.5332 0003542  88.0835 272.0791 14.75961364264739
AURA                    
1 28376U 04026A   09080.03598507  .00001498  00000-0  34260-3 0  4548
2 28376  98.2411  25.9376 0001057  57.2539 302.8911 14.57106778248979
SWIFT                   
1 28485U 04047A   09080.31272412  .00000597  00000-0  18254-4 0  2540
2 28485  20.5614  84.3385 0014059  43.0465 317.1082 14.92514063236524
THEMIS A                
1 30580U 07004A   09077.87500000 -.00000562  00000-0  00000+0 0  3953
2 30580   9.4234 254.7397 7723240  99.7181   5.8707  1.00186470  7356
THEMIS B                
1 30581U 07004B   09074.62500000 -.00002212  00000-0  00000-0 0  2352
2 30581  13.1611 358.7794 9168679 325.6177   0.9198  0.25184864  5822
THEMIS C                
1 30582U 07004C   09078.66666667 -.00001138  00000-0  00000-0 0  3754
2 30582   9.8898 345.2752 8583693 347.9816 355.2530  0.50407506  4509
THEMIS D                
1 30797U 07004D   09078.73151515  .00000000  00000-0  10000-3 0  5225
2 30797   4.2755 254.6590 7505469  99.7501 343.4740  1.00261391  6845
THEMIS E                
1 30798U 07004E   09078.79166667 -.00000523  00000-0  00000+0 0  5435
2 30798   4.7907 254.0369 7505853 100.4275 342.5806  1.00281676  6989
C/NOFS                  
1 32765U 08017A   09080.10031786  .00002226  00000-0  66806-4 0  2537
2 32765  13.0086 355.7994 0315699 328.1826  29.9752 14.81079200 50234
AIM                     
1 31304U 07015A   09080.24413737  .00001008  00000-0  10473-3 0  6491
2 31304  97.7952 181.7756 0012180 147.3731 212.8244 14.92080878103683
FGRST (GLAST)           
1 33053U 08029A   09080.73149207  .00000279  00000-0  00000+0 0  2050
2 33053  25.5827 216.4556 0014506 214.0870 145.8691 15.04915148 42695
