MEASAT 3A               
1 35362U 09032A   09188.79863704 -.00000237  00000-0  00000+0 0   277
2 35362   0.0448 141.9135 0001059 347.8020 175.0320  1.00267782   180
SL-23 R/B               
1 35363U 09032B   09189.47807020 -.00000064  00000-0  00000-0 0   104
2 35363  10.5480 248.2334 4086316   1.7109 359.5091  1.68697037   281
GOES 14                 
1 35491U 09033A   09190.70977696 -.00000180  00000-0  10000-3 0   284
2 35491   0.5061 264.7697 0001184 265.6012 283.3512  1.00295644   154
DELTA 4 R/B             
1 35492U 09033B   09190.06416625 -.00000201  00000-0  00000+0 0   160
2 35492  13.1929  89.9235 5240666 182.3577 173.4497  1.93171762   213
SIRIUS FM-5             
1 35493U 09034A   09191.27844522 -.00000133  00000-0  10000-3 0   278
2 35493   0.0794 249.6773 0010327  43.7345 358.3284  1.00266636   130
BREEZE-M R/B            
1 35494U 09034B   09189.26747722 -.00000198  00000-0  00000+0 0    95
2 35494  22.9760 213.8858 6036274   2.5341 359.6078  2.04374608   148
BREEZE-M DEB [TANK]     
1 35495U 09034C   09191.10737671 -.00000039  00000-0  00000+0 0   111
2 35495  49.6308 208.1462 5143179 358.7538   0.3723  5.35053207   498
TERRESTAR-1             
1 35496U 09035A   09190.38208241 -.00000046  00000-0  10000-3 0   188
2 35496   5.9453 318.9635 0018672 321.2697  33.1281  1.00262950   131
ARIANE 5 R/B            
1 35497U 09035B   09190.67173235  .00001887  00000-0  31831-3 0    93
2 35497   6.0736 313.2079 7290564 250.6265  23.2359  2.28302331   206
2009-036A               
1 35498U 09036A   09191.07163386  .00000023  00000-0  10000-3 0    81
2 35498  82.4911 330.5108 0005901 334.4034  25.6748 12.40796246   498
2009-036B               
1 35499U 09036B   09191.07068153  .00000023  00000-0  10000-3 0    66
2 35499  82.4950 330.5183 0005672 319.2864  40.7785 12.41095832   495
2009-036C               
1 35500U 09036C   09190.10255695  .00000023  00000-0  10000-3 0    61
2 35500  82.4892 331.1087 0005788 303.8942  56.1588 12.41415061   387
SL-19 R/B               
1 35501U 09036D   09190.80431415  .00000033  00000-0  10000-3 0    88
2 35501  82.4937 330.7680 0193823 261.1544  96.7566 12.76572690   470
