METEOSAT-5 (MOP-2)      
1 21140U 91015B   09186.92613661 -.00000237  00000-0  10000-3 0  8303
2 21140  10.9606  48.9401 0004073 129.2922 230.7347  0.98453715 69260
METEOSAT-6 (MOP-3)      
1 22912U 93073B   09186.68381638 -.00000024  00000-0  10000-3 0  1459
2 22912   8.4148  59.6804 0000879 347.1655 190.5262  1.00271609 55652
HIMAWARI-5 (GMS-5)      
1 23522U 95011B   09187.60976617 -.00000114  00000-0  10000-3 0  2957
2 23522   7.5722  62.6603 0007342 336.7975  23.0993  0.99403231 52136
GOES 10                 
1 24786U 97019A   09188.32338398 -.00000284  00000-0  10000-3 0  9919
2 24786   3.6834  74.3509 0002113  45.3701 221.9345  1.00278390 44709
ORBVIEW 2 (SEASTAR)     
1 24883U 97037A   09188.29150735 -.00000009  00000-0  79996-5 0  8656
2 24883  98.3438 312.3136 0002185 119.8884 240.2540 14.59994362635379
METEOSAT-7              
1 24932U 97049B   09188.80108196  .00000067  00000-0  10000-3 0  6048
2 24932   5.2490  69.3614 0000838  20.6612 181.5861  1.00268984 43394
NOAA 15                 
1 25338U 98030A   09188.27824641  .00000220  00000-0  11277-3 0  9963
2 25338  98.5837 177.0446 0010695   5.8680 354.2631 14.24771970579636
GOES 11                 
1 26352U 00022A   09188.24998679  .00000093  00000-0  10000-3 0  3914
2 26352   0.4316 262.7401 0002094 270.6697  66.3605  1.00269690 33609
FENGYUN 2B              
1 26382U 00032A   09187.05842010 -.00000358  00000-0  10000-3 0  1804
2 26382   4.3854  72.2418 0003675 199.6516 160.0998  1.00093749 33056
NOAA 16                 
1 26536U 00055A   09188.26764491  .00000263  00000-0  16767-3 0  4735
2 26536  99.1751 192.4190 0009935 221.0482 138.9943 14.12526452453132
GOES 12                 
1 26871U 01031A   09188.36476079 -.00000248  00000-0  10000-3 0  1291
2 26871   0.0768  96.4092 0004792 350.9196 254.7567  1.00270868 29203
FENGYUN 1D              
1 27431U 02024B   09188.38038786  .00000344  00000-0  22163-3 0  6191
2 27431  98.6258 177.2603 0015232   0.2841 359.8340 14.09284991367657
NOAA 17                 
1 27453U 02032A   09188.37630502 -.00000046  00000-0 -16023-5 0  4769
2 27453  98.4825 246.7499 0012690  67.8950 292.3576 14.24074388365620
METEOSAT-8 (MSG-1)      
1 27509U 02040B   09185.70041354  .00000065  00000-0  10000-3 0  3445
2 27509   0.6463  35.7381 0006101  82.2941  66.3362  1.00273052 25176
KALPANA-1 (METSAT 1)    
1 27525U 02043A   09188.70507770 -.00000074  00000-0  10000-3 0  9984
2 27525   0.0379  79.1136 0008778  12.2374 162.2485  1.00271777 25005
INSAT-3A                
1 27714U 03013A   09187.90101683 -.00000255  00000-0  10000-3 0  6816
2 27714   0.0483 260.5121 0005940 186.4607 255.8820  1.00270603 22895
FENGYUN 2C              
1 28451U 04042A   09187.95199175 -.00000329  00000-0  00000+0 0  5924
2 28451   1.4478  77.2326 0001206 107.5428 187.6230  1.00273186 17248
HIMAWARI 6 (MTSAT-1R)   
1 28622U 05006A   09187.21737463 -.00000278  00000-0  10000-3 0  2095
2 28622   0.0463 158.4695 0002193 151.3846 192.7832  1.00270567 15945
NOAA 18                 
1 28654U 05018A   09188.39472881  .00000344  00000-0  21477-3 0  9677
2 28654  98.9066 131.4782 0013591 308.9215  51.0733 14.11270035212804
METEOSAT-9 (MSG-2)      
1 28912U 05049B   09186.15181184  .00000001  00000-0  10000-3 0  5321
2 28912   0.4085 265.6981 0001236 174.5694 257.8028  1.00276212 13025
MTSAT-2                 
1 28937U 06004A   09188.39128527 -.00000240  00000-0  10000-3 0  5944
2 28937   0.0411 267.7155 0003181 159.4897 144.1090  1.00274441 12438
FORMOSAT 3A             
1 29047U 06011A   09187.91547462 -.00000043  00000-0 -69346-6 0  9952
2 29047  71.9810 341.0856 0051260 110.7821 249.8805 14.27109945170546
FORMOSAT 3B             
1 29048U 06011B   09188.29773667  .00000390  00000-0  17471-3 0   417
2 29048  71.9694 255.7509 0044398  58.5562 301.9864 14.27117097173071
FORMOSAT 3C             
1 29049U 06011C   09189.15582342  .00000361  00000-0  16364-3 0  9824
2 29049  72.0219  43.1908 0035266 121.7843 238.6717 14.27128630168979
FORMOSAT 3D             
1 29050U 06011D   09188.70311662  .00001098  00000-0  26646-3 0  2668
2 29050  72.0076 220.7434 0052743   4.1236 356.0305 14.54046359174228
FORMOSAT 3E             
1 29051U 06011E   09188.41615298  .00000372  00000-0  16522-3 0   449
2 29051  72.0085 313.6629 0069804 350.0233   9.9492 14.27121688171455
FORMOSAT 3F             
1 29052U 06011F   09188.04379263  .00000360  00000-0  16273-3 0   606
2 29052  72.0359  16.5087 0040518  92.6570 267.9190 14.27118607169704
GOES 13                 
1 29155U 06018A   09188.48995696 -.00000083  00000-0  10000-3 0  6655
2 29155   0.1129 231.7044 0001760 304.5833 180.1200  1.00271738 11450
METOP-A                 
1 29499U 06044A   09188.45261153 -.00000171  00000-0 -58345-4 0  8506
2 29499  98.6859 248.2929 0001021  94.1814 265.9490 14.21495857140890
FENGYUN 2D              
1 29640U 06053A   09188.62206514 -.00000195  00000-0  10000-3 0  6927
2 29640   0.2505 233.9151 0000604  22.4841 339.6922  1.00275719  9500
FENGYUN 3A              
1 32958U 08026A   09189.20011252  .00000167  00000-0  10000-3 0  3489
2 32958  98.7683 260.4808 0001534  82.6048 277.5259 14.19590859 57762
NOAA 19                 
1 33591U 09005A   09188.45002699 -.00000091  00000-0 -26599-4 0  1692
2 33591  98.7456 133.6848 0013903 181.8736 178.2377 14.10969253 21294
GOES 14                 
1 35491U 09033A   09188.90490122 -.00000245  00000-0  00000+0 0   228
2 35491   0.3515 257.3085 0071498 206.2105  57.2598  1.01370301   139
