MACSAT 2 (M 2)          
1 20608U 90043B   09080.55091475  .00000029  00000-0  17735-5 0  6531
2 20608  89.7316  84.8226 0092391 215.4627 144.0426 14.71947383 10462
TUBSAT A                
1 21577U 91050D   09080.88706523 -.00000041  00000-0  76955-6 0  4341
2 21577  98.4545  29.0785 0005691 316.2575  43.8163 14.38525830927653
S80/T                   
1 22078U 92052C   09079.44586649 -.00000037  00000-0  10000-3 0  6822
2 22078  66.0859 146.1351 0014432 300.1005  59.8622 12.86724314780329
HEALTHSAT 1             
1 22827U 93061E   09079.88888594  .00000036  00000-0  30181-4 0  2161
2 22827  98.4147  38.0416 0009498 132.4093 227.7891 14.30152135807602
TUBSAT B                
1 22970U 94003B   09079.77540131  .00000051  00000-0  10000-3 0   204
2 22970  82.5611 212.0247 0017352 107.5068 252.7979 13.16914163728348
CERISE                  
1 23606U 95033B   09080.34685598  .00000216  00000-0  32259-4 0  7332
2 23606  98.2286 198.0023 0007164  41.9628 318.2193 14.84818545738839
UPM/LBSAT               
1 23607U 95033C   09080.76069160  .00000086  00000-0  20779-4 0   624
2 23607  98.1896 165.5434 0006324 164.9684 195.1698 14.74731078736166
FAISAT 2V               
1 24954U 97052B   09080.23197539  .00000031  00000-0  15019-4 0  4600
2 24954  82.9230  21.2600 0040655  19.5815 340.6900 13.79644921578547
MUBLCOM                 
1 25736U 99026B   09080.75665915  .00000198  00000-0  68392-4 0  6908
2 25736  97.7607  19.4897 0005507 338.9810  21.1151 14.44534658518175
RUBIN-3 & SL-8 R/B      
1 27561U 02054C   09080.51618169  .00000383  00000-0  10017-3 0  6315
2 27561  97.9461 280.4415 0047603 152.1080 208.2679 14.53764947334778
APRIZESAT 2 (LATINSAT D)
1 28366U 04025A   09080.04397045  .00000035  00000-0  24551-4 0  3291
2 28366  98.0852  82.2585 0110381  72.6008 288.7224 14.35566298247584
SAUDICOMSAT 1           
1 28369U 04025D   09080.05072490  .00000032  00000-0  18951-4 0  3507
2 28369  98.0300 122.3824 0033939 326.4944  33.4084 14.50626411250178
SAUDICOMSAT 2           
1 28370U 04025E   09080.82661549 -.00000016  00000-0  74044-5 0  3579
2 28370  98.0339 109.0487 0058991 354.3735   5.6763 14.45726842249448
APRIZESAT 1 (LATINSAT C)
1 28372U 04025G   09080.76021220 -.00000089  00000-0 -12214-4 0  3492
2 28372  98.0268 115.6182 0047002 338.7385  21.1852 14.48157112249841
NANOSAT-1               
1 28493U 04049B   09079.91940406  .00000050  00000-0  16810-4 0  3057
2 28493  98.2523  40.0248 0004988 162.3420 197.7984 14.70292450228193
SAUDICOMSAT 7           
1 31119U 07012C   09080.47440451  .00000385  00000-0  88724-4 0  5918
2 31119  98.0040 145.9041 0062693 171.5799 188.6452 14.59428950102708
SAUDICOMSAT 6           
1 31121U 07012E   09080.12666528  .00000365  00000-0  89075-4 0  5927
2 31121  97.9998 142.1187 0079014 183.2141 176.8516 14.56305232102442
SAUDICOMSAT 5           
1 31124U 07012H   09080.74257132  .00000399  00000-0  89121-4 0  5957
2 31124  98.0060 148.0344 0053762 165.7688 194.5015 14.61010190102858
SAUDICOMSAT 3           
1 31125U 07012J   09080.74825821  .00000410  00000-0  88749-4 0  6000
2 31125  98.0086 149.7917 0045554 160.8510 199.4383 14.62553209102969
SAUDICOMSAT 4           
1 31127U 07012L   09080.70915064  .00000379  00000-0  89803-4 0  5934
2 31127  98.0024 144.5136 0070520 175.9385 184.2379 14.57948662102633
OMID                    
1 33506U 09004A   09080.84051570  .00171809  22907-4  28968-3 0  1580
2 33506  55.5046  88.9319 0060625 276.7988  82.6234 15.98825608  7507
