LANDSAT 4               
1 13367U 82072A   10088.91615874 -.00000173  00000-0 -78233-5 0  3846
2 13367  98.1919  24.7078 0018829 100.1592 260.1796 15.02354579487419
TDRS 1                  
1 13969U 83026B   10089.23736600 -.00000316  00000-0  10000-3 0   651
2 13969  13.5458   6.9839 0029572 252.6836 316.9062  1.00267633 71865
LANDSAT 5               
1 14780U 84021A   10089.06619382  .00000042  00000-0  19483-4 0  6473
2 14780  98.2051 158.1483 0001905 322.9526  37.1541 14.57115485387012
ERBS                    
1 15354U 84108B   10089.16657655  .00000385  00000-0  34955-4 0  3437
2 15354  56.9858  54.4295 0014158 216.6229 143.3873 15.16077473395420
TDRS 3                  
1 19548U 88091B   10088.30809522 -.00000301  00000-0  10000-3 0  4634
2 19548  12.3727  36.9775 0036352 321.1920 250.1256  1.00262912 66001
TDRS 4                  
1 19883U 89021B   10087.88723272 -.00000292  00000-0  10000-3 0  7776
2 19883  11.1201  48.5462 0007934 332.3850  78.6120  1.00278812249573
HST                     
1 20580U 90037B   10087.19205679  .00000571  00000-0  30945-4 0  5410
2 20580  28.4698  48.6001 0003280  65.1033 294.9901 15.00932024892575
TDRS 5                  
1 21639U 91054B   10087.59784971  .00000094  00000-0  10000-3 0  6158
2 21639  10.4954  52.2108 0020645 322.2889 218.9029  1.00273416 68318
UARS                    
1 21701U 91063B   10088.79536827  .00012552  00000-0  14576-3 0  9265
2 21701  56.9693 188.8083 0068896  16.9966 343.3379 15.59374223 23706
TOPEX/POSEIDON          
1 22076U 92052A   10087.82934671 -.00000038  00000-0  10000-3 0  5005
2 22076  66.0405 199.4622 0007234 269.5584  90.4597 12.80951054824708
TDRS 6                  
1 22314U 93003B   10088.52817251  .00000081  00000-0  10000-3 0  6434
2 22314   9.8611  55.1937 0013197 329.5215 181.1154  1.00263996 63047
TDRS 7                  
1 23613U 95035B   10088.67653061 -.00000195  00000-0  00000+0 0  6989
2 23613  11.6323  45.0407 0034522 319.0894 150.9331  1.00265472 53853
RXTE (XTE)              
1 23757U 95074A   10088.57600125  .00002406  00000-0  69220-4 0   921
2 23757  22.9830 161.0058 0007854 321.8351  38.1591 15.27836535789464
TRMM                    
1 25063U 97074A   10088.49885627  .00008289  00000-0  11589-3 0  3177
2 25063  34.9645 251.3803 0001478 289.9963  70.0619 15.56008803704568
KIKU-7 (ETS-VII)        
1 25064U 97074B   10089.16083352  .00001465  00000-0  57630-4 0   420
2 25064  34.9611  26.1654 0005734 310.1110  49.9106 15.25613912684702
ISS (ZARYA)             
1 25544U 98067A   10089.08379750  .00022573  00000-0  15866-3 0  8691
2 25544  51.6448 276.6981 0006568 119.3628 336.7669 15.74035686651012
LANDSAT 7               
1 25682U 99020A   10089.10142066  .00000018  00000-0  14119-4 0  7459
2 25682  98.2170 158.4414 0001495  89.1658 270.9717 14.57108403582714
FUSE 1                  
1 25791U 99035A   10088.06036246  .00000225  00000-0  13613-4 0  6640
2 25791  24.9855  21.5179 0010239  28.6465 331.4607 14.41818058567552
TERRA                   
1 25994U 99068A   10089.11902914  .00000077  00000-0  27086-4 0  6400
2 25994  98.2090 164.8935 0000835 121.5644 238.5648 14.57115257546799
TDRS 8                  
1 26388U 00034A   10088.61812670 -.00000235  00000-0  10000-3 0  1270
2 26388   2.0592  95.6258 0004329 237.7695 165.1727  1.00268681 35794
EO-1                    
1 26619U 00075A   10089.09863947  .00000847  00000-0  17783-3 0    78
2 26619  98.1409 157.3761 0011302 129.1331 231.0912 14.62091841498043
TIMED                   
1 26998U 01055B   10087.73910223  .00000150  00000-0  22300-4 0  5362
2 26998  74.0737 147.2396 0001631 211.7644 148.3437 14.84151279449731
TDRS 9                  
1 27389U 02011A   10087.23956972 -.00000297  00000-0  00000+0 0  5064
2 27389   1.8029 215.0946 0017960 159.2802 195.1895  1.00276225 31027
AQUA                    
1 27424U 02022A   10088.93380514  .00000106  00000-0  33491-4 0  5969
2 27424  98.1820  31.5882 0001376  41.2562 318.8762 14.57126850420373
TDRS 10                 
1 27566U 02055A   10087.84684948 -.00000282  00000-0  10000-3 0  2377
2 27566   0.4674 302.0955 0002538 329.7577 178.1978  1.00265767 26868
SORCE                   
1 27651U 03004A   10087.74191594  .00000309  00000-0  53575-4 0  1605
2 27651  39.9962 183.8200 0024523 166.2474 193.8986 14.82292161388525
GALEX                   
1 27783U 03017A   10089.02229547  .00000290  00000-0  38063-4 0  9059
2 27783  28.9984 319.4933 0003403  23.4756 336.6023 14.59810870369585
GP-B                    
1 28230U 04014A   10088.32094482  .00000246  00000-0  33473-4 0  7469
2 28230  89.9386 155.9989 0002263  97.1458 263.0005 14.76030448319830
AURA                    
1 28376U 04026A   10088.80180817  .00000137  00000-0  40441-4 0  7590
2 28376  98.1823  33.5344 0001202  56.3020 303.8258 14.57128198303407
SWIFT                   
1 28485U 04047A   10088.96682161  .00000943  00000-0  50778-4 0  5430
2 28485  20.5563  37.2581 0013945   1.4693 358.5816 14.92706039292427
THEMIS A                
1 30580U 07004A   10088.79166667 -.00000449  00000-0  10000-3 0  6823
2 30580   8.4466 227.5462 7469587 153.7752 347.4626  1.00278510 10760
THEMIS D                
1 30797U 07004D   10088.79166667 -.00000453  00000-0  00000+0 0  8308
2 30797   3.5942 224.3183 7585819 158.4457 344.0741  1.00274285 10611
THEMIS E                
1 30798U 07004E   10088.79166667 -.00000446  00000-0  00000+0 0  8503
2 30798   3.5950 229.8120 7466191 152.4707 343.9361  1.00274581 10755
C/NOFS                  
1 32765U 08017A   10088.65424783  .00003189  00000-0  11455-3 0  5137
2 32765  13.0072 242.7616 0309894 350.6232   8.8388 14.82603544105727
AIM                     
1 31304U 07015A   10088.34504351  .00000288  00000-0  33663-4 0  9977
2 31304  97.8002 191.3629 0011843   1.3086 358.8202 14.92391240159328
FGRST (GLAST)           
1 33053U 08029A   10088.44057769  .00000279  00000-0  00000+0 0  4691
2 33053  25.5809 223.3040 0014650 167.5827 192.5111 15.05035083 98907
WISE                    
1 36119U 09071A   10088.89727413  .00000612  00000-0  38908-4 0   863
2 36119  97.5091  94.5234 0003269 120.0884 240.0671 15.12450777 15918
