COSMOS 2459 [GLONASS-M] 
1 36400U 10007A   10088.29005118  .00000052  00000-0  10000-3 0   424
2 36400  64.7674 153.5691 0033570 350.6988  97.8189  2.13102798   584
COSMOS 2461 [GLONASS-M] 
1 36401U 10007B   10088.33255150  .00000052  00000-0  10000-3 0   401
2 36401  64.7631 153.5669 0003661 104.0381 287.2031  2.13102565   582
COSMOS 2460 [GLONASS-M] 
1 36402U 10007C   10088.73986667  .00000053  00000-0  10000-3 0   489
2 36402  64.7546 153.5597 0001613 242.8327 145.9256  2.13102497   598
SL-12 R/B(2)            
1 36403U 10007D   10087.26922944  .00000048  00000-0  00000+0 0   158
2 36403  64.7643 153.6068 0009223 188.9607 171.0998  2.13312501   566
SL-12 R/B (AUX MOTOR)   
1 36406U 10007G   10087.47774328  .00000114  00000-0  10000-3 0   200
2 36406  64.6947 144.5741 5801812 192.3918 142.9414  4.23146260  1128
SL-12 R/B (AUX MOTOR)   
1 36407U 10007H   10089.13288887  .00000068  00000-0  00000+0 0   120
2 36407  64.8154 144.0366 5801674 192.2184 143.4378  4.23137056  1172
GOES 15                 
1 36411U 10008A   10089.15327360 -.00000200  00000-0  10000-3 0   324
2 36411   0.4309 267.3224 0000371 346.4246 259.4786  1.00268392   292
DELTA 4 R/B             
1 36412U 10008B   10087.55662906 -.00000280  00000-0  00000+0 0   126
2 36412  13.1463 351.5987 5240206 185.1594 165.8979  1.92902008   451
YAOGAN 9A               
1 36413U 10009A   10089.08860000 -.00000031  00000-0  10000-3 0   841
2 36413  63.4068 120.3529 0012156 326.1467  33.8774 13.45011872  3346
YAOGAN 9B               
1 36414U 10009B   10089.02988865 -.00000025  00000-0  10000-3 0   872
2 36414  63.4085 119.7034 0012070 327.0611  32.9672 13.53162659  3352
YAOGAN 9C               
1 36415U 10009C   10089.08880489 -.00000031  00000-0  10000-3 0   824
2 36415  63.4077 120.3547 0012702 329.4428  30.5847 13.45010339  3339
CZ-4C R/B               
1 36416U 10009D   10088.20933295 -.00000022  00000-0  80564-4 0   320
2 36416  63.4570 120.1146 0129640  17.2196 343.3179 13.69308099  3281
CZ-4C DEB               
1 36417U 10009E   10088.87079731 -.00000031  00000-0  10000-3 0   417
2 36417  63.4065 120.9464 0011104 321.6817  38.3419 13.44723948  3307
CZ-4C DEB               
1 36418U 10009F   10088.87542760 -.00000031  00000-0  10000-3 0   336
2 36418  63.4065 120.9639 0010721 313.9508  46.0633 13.44471843  3293
ECHOSTAR 14             
1 36499U 10010A   10088.47003958  .00000081  00000-0  00000+0 0   197
2 36499   0.0601 302.1570 0001581 303.3912 331.4901  1.00340634   130
BREEZE-M R/B            
1 36500U 10010B   10087.51051251  .00000011  00000-0  00000+0 0    84
2 36500  26.5057 101.4395 6378139   6.6675 358.9325  2.24371599   165
BREEZE-M DEB [TANK]     
1 36501U 10010C   10087.57621407  .00002171  00000-0  47695-3 0   104
2 36501  49.6567  97.4387 4985265 357.7428   0.6765  5.61614943   437
